{
    "@module": "dpdata.system",
    "@class": "LabeledSystem",
    "data": {
        "atom_numbs": [
            2
        ],
        "atom_names": [
            "Mo"
        ],
        "atom_types": {
            "@module": "numpy",
            "@class": "array",
            "dtype": "int64",
            "data": [
                0,
                0
            ]
        },
        "orig": {
            "@module": "numpy",
            "@class": "array",
            "dtype": "int64",
            "data": [
                0,
                0,
                0
            ]
        },
        "cells": {
            "@module": "numpy",
            "@class": "array",
            "dtype": "float64",
            "data": [
                [
                    [
                        3.4413801296,
                        0.0,
                        0.0
                    ],
                    [
                        0.0,
                        3.4413801296,
                        0.0
                    ],
                    [
                        0.0,
                        0.0,
                        3.4413801296
                    ]
                ],
                [
                    [
                        3.4413801296,
                        0.0,
                        0.0
                    ],
                    [
                        0.0,
                        3.4413801296,
                        0.0
                    ],
                    [
                        0.0,
                        0.0,
                        3.4413801296
                    ]
                ]
            ]
        },
        "coords": {
            "@module": "numpy",
            "@class": "array",
            "dtype": "float64",
            "data": [
                [
                    [
                        0.0,
                        0.0,
                        0.0
                    ],
                    [
                        1.7206900648,
                        1.7206900648,
                        1.7206900648
                    ]
                ],
                [
                    [
                        0.0,
                        0.0,
                        0.0
                    ],
                    [
                        1.7206900648,
                        1.7206900648,
                        1.7206900648
                    ]
                ]
            ]
        },
        "energies": {
            "@module": "numpy",
            "@class": "array",
            "dtype": "float64",
            "data": [
                -20.464045,
                -20.464045
            ]
        },
        "forces": {
            "@module": "numpy",
            "@class": "array",
            "dtype": "float64",
            "data": [
                [
                    [
                        0.0,
                        1.13191e-16,
                        2.98372e-16
                    ],
                    [
                        -2.77556e-16,
                        -1.20563e-16,
                        7.74832e-17
                    ]
                ],
                [
                    [
                        0.0,
                        1.13191e-16,
                        2.98372e-16
                    ],
                    [
                        -2.77556e-16,
                        -1.20563e-16,
                        7.74832e-17
                    ]
                ]
            ]
        },
        "virials": {
            "@module": "numpy",
            "@class": "array",
            "dtype": "float64",
            "data": [
                [
                    [
                        -9.99834641323133,
                        4.382887012266454e-17,
                        9.717161203319871e-17
                    ],
                    [
                        4.382887012266454e-17,
                        -9.99834641323133,
                        1.6506976751943918e-17
                    ],
                    [
                        9.717161203319871e-17,
                        1.6506976751943918e-17,
                        -9.99834641323133
                    ]
                ],
                [
                    [
                        -9.99834641323133,
                        4.382887012266454e-17,
                        9.717161203319871e-17
                    ],
                    [
                        4.382887012266454e-17,
                        -9.99834641323133,
                        1.6506976751943918e-17
                    ],
                    [
                        9.717161203319871e-17,
                        1.6506976751943918e-17,
                        -9.99834641323133
                    ]
                ]
            ]
        },
        "stress": {
            "@module": "numpy",
            "@class": "array",
            "dtype": "float64",
            "data": [
                [
                    [
                        -393.04351,
                        1.7229501999999999e-15,
                        3.8198988e-15
                    ],
                    [
                        1.7229501999999999e-15,
                        -393.04351,
                        6.4890330999999995e-16
                    ],
                    [
                        3.8198988e-15,
                        6.4890330999999995e-16,
                        -393.04351
                    ]
                ],
                [
                    [
                        -393.04351,
                        1.7229501999999999e-15,
                        3.8198988e-15
                    ],
                    [
                        1.7229501999999999e-15,
                        -393.04351,
                        6.4890330999999995e-16
                    ],
                    [
                        3.8198988e-15,
                        6.4890330999999995e-16,
                        -393.04351
                    ]
                ]
            ]
        }
    }
}