{
    "@module": "dpdata.system",
    "@class": "LabeledSystem",
    "data": {
        "atom_numbs": [
            2
        ],
        "atom_names": [
            "Mo"
        ],
        "atom_types": {
            "@module": "numpy",
            "@class": "array",
            "dtype": "int64",
            "data": [
                0,
                0
            ]
        },
        "orig": {
            "@module": "numpy",
            "@class": "array",
            "dtype": "int64",
            "data": [
                0,
                0,
                0
            ]
        },
        "cells": {
            "@module": "numpy",
            "@class": "array",
            "dtype": "float64",
            "data": [
                [
                    [
                        3.3687170407,
                        0.0,
                        0.0
                    ],
                    [
                        0.0,
                        3.3687170407,
                        0.0
                    ],
                    [
                        0.0,
                        0.0,
                        3.3687170407
                    ]
                ],
                [
                    [
                        3.3687170407,
                        0.0,
                        0.0
                    ],
                    [
                        0.0,
                        3.3687170407,
                        0.0
                    ],
                    [
                        0.0,
                        0.0,
                        3.3687170407
                    ]
                ]
            ]
        },
        "coords": {
            "@module": "numpy",
            "@class": "array",
            "dtype": "float64",
            "data": [
                [
                    [
                        0.0,
                        0.0,
                        0.0
                    ],
                    [
                        1.68435852035,
                        1.68435852035,
                        1.68435852035
                    ]
                ],
                [
                    [
                        2.4999956589613243e-11,
                        2.499992290244284e-11,
                        2.5000091338294874e-11
                    ],
                    [
                        1.68435852035,
                        1.68435852035,
                        1.68435852035
                    ]
                ]
            ]
        },
        "energies": {
            "@module": "numpy",
            "@class": "array",
            "dtype": "float64",
            "data": [
                -21.033872,
                -21.033872
            ]
        },
        "forces": {
            "@module": "numpy",
            "@class": "array",
            "dtype": "float64",
            "data": [
                [
                    [
                        6.13604e-11,
                        6.13603e-11,
                        6.13607e-11
                    ],
                    [
                        -6.13604e-11,
                        -6.13603e-11,
                        -6.13605e-11
                    ]
                ],
                [
                    [
                        -3.33067e-16,
                        2.71051e-20,
                        -4.80627e-16
                    ],
                    [
                        6.10623e-16,
                        2.84928e-16,
                        4.55866e-16
                    ]
                ]
            ]
        },
        "virials": {
            "@module": "numpy",
            "@class": "array",
            "dtype": "float64",
            "data": [
                [
                    [
                        -7.910856715202133,
                        -3.2700891162489087e-16,
                        -3.6112060017660133e-16
                    ],
                    [
                        -3.2700891162489087e-16,
                        -7.910856715202133,
                        1.874585410766176e-16
                    ],
                    [
                        -3.6112060017660133e-16,
                        1.874585410766176e-16,
                        -7.910856715202133
                    ]
                ],
                [
                    [
                        -7.910856715202133,
                        -3.2238749934989086e-16,
                        -5.740849977040193e-17
                    ],
                    [
                        -3.2238749934989086e-16,
                        -7.910856715202133,
                        -1.8339278250489996e-16
                    ],
                    [
                        -5.740849977040193e-17,
                        -1.8339278250489996e-16,
                        -7.910856715202133
                    ]
                ]
            ]
        },
        "stress": {
            "@module": "numpy",
            "@class": "array",
            "dtype": "float64",
            "data": [
                [
                    [
                        -331.54334,
                        -1.3704916e-14,
                        -1.5134534000000002e-14
                    ],
                    [
                        -1.3704916e-14,
                        -331.54334,
                        7.8563717e-15
                    ],
                    [
                        -1.5134534000000002e-14,
                        7.8563717e-15,
                        -331.54334
                    ]
                ],
                [
                    [
                        -331.54334,
                        -1.3511233e-14,
                        -2.4059854e-15
                    ],
                    [
                        -1.3511233e-14,
                        -331.54334,
                        -7.6859761e-15
                    ],
                    [
                        -2.4059854e-15,
                        -7.6859761e-15,
                        -331.54334
                    ]
                ]
            ]
        }
    }
}