{
    "@module": "dpdata.system",
    "@class": "LabeledSystem",
    "data": {
        "atom_numbs": [
            2
        ],
        "atom_names": [
            "Mo"
        ],
        "atom_types": {
            "@module": "numpy",
            "@class": "array",
            "dtype": "int64",
            "data": [
                0,
                0
            ]
        },
        "orig": {
            "@module": "numpy",
            "@class": "array",
            "dtype": "int64",
            "data": [
                0,
                0,
                0
            ]
        },
        "cells": {
            "@module": "numpy",
            "@class": "array",
            "dtype": "float64",
            "data": [
                [
                    [
                        3.2732341201,
                        0.0,
                        0.0
                    ],
                    [
                        0.0,
                        3.2732341201,
                        0.0
                    ],
                    [
                        0.0,
                        0.0,
                        3.2732341201
                    ]
                ],
                [
                    [
                        3.2732341201,
                        0.0,
                        0.0
                    ],
                    [
                        0.0,
                        3.2732341201,
                        0.0
                    ],
                    [
                        0.0,
                        0.0,
                        3.2732341201
                    ]
                ]
            ]
        },
        "coords": {
            "@module": "numpy",
            "@class": "array",
            "dtype": "float64",
            "data": [
                [
                    [
                        0.0,
                        0.0,
                        0.0
                    ],
                    [
                        1.63661706005,
                        1.63661706005,
                        1.63661706005
                    ]
                ],
                [
                    [
                        2.5000176633134977e-11,
                        2.5000143900793777e-11,
                        2.5000143900793777e-11
                    ],
                    [
                        1.63661706005,
                        1.63661706005,
                        1.63661706005
                    ]
                ]
            ]
        },
        "energies": {
            "@module": "numpy",
            "@class": "array",
            "dtype": "float64",
            "data": [
                -21.581773,
                -21.581773
            ]
        },
        "forces": {
            "@module": "numpy",
            "@class": "array",
            "dtype": "float64",
            "data": [
                [
                    [
                        1.99194e-10,
                        1.99194e-10,
                        1.99194e-10
                    ],
                    [
                        -1.99193e-10,
                        -1.99194e-10,
                        -1.99194e-10
                    ]
                ],
                [
                    [
                        4.44089e-16,
                        5.98344e-16,
                        2.61022e-16
                    ],
                    [
                        -5.55112e-16,
                        -5.68935e-16,
                        -1.45825e-16
                    ]
                ]
            ]
        },
        "virials": {
            "@module": "numpy",
            "@class": "array",
            "dtype": "float64",
            "data": [
                [
                    [
                        -4.622158704813162,
                        6.747531774232049e-16,
                        3.6862871188562987e-16
                    ],
                    [
                        6.747531774232049e-16,
                        -4.622158704813162,
                        4.528712159501374e-16
                    ],
                    [
                        3.6862871188562987e-16,
                        4.528712159501374e-16,
                        -4.622158704813162
                    ]
                ],
                [
                    [
                        -4.622158704813162,
                        2.7495364809876485e-16,
                        2.758210114218835e-16
                    ],
                    [
                        2.7495364809876485e-16,
                        -4.622158704813162,
                        8.326672142043619e-17
                    ],
                    [
                        2.758210114218835e-16,
                        8.326672142043619e-17,
                        -4.622158704813162
                    ]
                ]
            ]
        },
        "stress": {
            "@module": "numpy",
            "@class": "array",
            "dtype": "float64",
            "data": [
                [
                    [
                        -211.16602,
                        3.0826493000000006e-14,
                        1.6841018e-14
                    ],
                    [
                        3.0826493000000006e-14,
                        -211.16602,
                        2.0689686e-14
                    ],
                    [
                        1.6841018e-14,
                        2.0689686e-14,
                        -211.16602
                    ]
                ],
                [
                    [
                        -211.16602,
                        1.2561418e-14,
                        1.2601044000000001e-14
                    ],
                    [
                        1.2561418e-14,
                        -211.16602,
                        3.8040888e-15
                    ],
                    [
                        1.2601044000000001e-14,
                        3.8040888e-15,
                        -211.16602
                    ]
                ]
            ]
        }
    }
}