{
    "@module": "dpdata.system",
    "@class": "LabeledSystem",
    "data": {
        "atom_numbs": [
            2
        ],
        "atom_names": [
            "Mo"
        ],
        "atom_types": {
            "@module": "numpy",
            "@class": "array",
            "dtype": "int64",
            "data": [
                0,
                0
            ]
        },
        "orig": {
            "@module": "numpy",
            "@class": "array",
            "dtype": "int64",
            "data": [
                0,
                0,
                0
            ]
        },
        "cells": {
            "@module": "numpy",
            "@class": "array",
            "dtype": "float64",
            "data": [
                [
                    [
                        3.1718297478,
                        0.0,
                        0.0
                    ],
                    [
                        0.0,
                        3.1718297478,
                        0.0
                    ],
                    [
                        0.0,
                        0.0,
                        3.1718297478
                    ]
                ],
                [
                    [
                        3.1718297478,
                        0.0,
                        0.0
                    ],
                    [
                        0.0,
                        3.1718297478,
                        0.0
                    ],
                    [
                        0.0,
                        0.0,
                        3.1718297478
                    ]
                ]
            ]
        },
        "coords": {
            "@module": "numpy",
            "@class": "array",
            "dtype": "float64",
            "data": [
                [
                    [
                        0.0,
                        0.0,
                        0.0
                    ],
                    [
                        1.5859148739,
                        1.5859148739,
                        1.5859148739
                    ]
                ],
                [
                    [
                        0.0,
                        0.0,
                        0.0
                    ],
                    [
                        1.5859148739,
                        1.5859148739,
                        1.5859148739
                    ]
                ]
            ]
        },
        "energies": {
            "@module": "numpy",
            "@class": "array",
            "dtype": "float64",
            "data": [
                -21.828455,
                -21.828455
            ]
        },
        "forces": {
            "@module": "numpy",
            "@class": "array",
            "dtype": "float64",
            "data": [
                [
                    [
                        -3.05311e-16,
                        -1.72659e-17,
                        -2.48255e-16
                    ],
                    [
                        2.77556e-16,
                        -1.4325e-16,
                        1.67089e-16
                    ]
                ],
                [
                    [
                        -3.88578e-16,
                        -1.07424e-16,
                        -7.53927e-16
                    ],
                    [
                        4.44089e-16,
                        1.51165e-16,
                        6.90298e-16
                    ]
                ]
            ]
        },
        "virials": {
            "@module": "numpy",
            "@class": "array",
            "dtype": "float64",
            "data": [
                [
                    [
                        -0.5195649619612316,
                        5.095749819364648e-17,
                        9.475926236109154e-17
                    ],
                    [
                        5.095749819364648e-17,
                        -0.5195649619612316,
                        2.9989030311774605e-16
                    ],
                    [
                        9.475926236109154e-17,
                        2.9989030311774605e-16,
                        -0.5195649619612316
                    ]
                ],
                [
                    [
                        -0.5195649619612316,
                        -1.5048725056943176e-16,
                        -4.0635893756710318e-16
                    ],
                    [
                        -1.5048725056943176e-16,
                        -0.5195649619612316,
                        -1.7564073866657705e-17
                    ],
                    [
                        -4.0635893756710318e-16,
                        -1.7564073866657705e-17,
                        -0.5195649619612316
                    ]
                ]
            ]
        },
        "stress": {
            "@module": "numpy",
            "@class": "array",
            "dtype": "float64",
            "data": [
                [
                    [
                        -26.08679,
                        2.5585204e-15,
                        4.7577591999999996e-15
                    ],
                    [
                        2.5585204e-15,
                        -26.08679,
                        1.5057165e-14
                    ],
                    [
                        4.7577591999999996e-15,
                        1.5057165e-14,
                        -26.08679
                    ]
                ],
                [
                    [
                        -26.08679,
                        -7.5558007e-15,
                        -2.0402839e-14
                    ],
                    [
                        -7.5558007e-15,
                        -26.08679,
                        -8.8187299e-16
                    ],
                    [
                        -2.0402839e-14,
                        -8.8187299e-16,
                        -26.08679
                    ]
                ]
            ]
        }
    }
}