{
    "@module": "dpdata.system",
    "@class": "LabeledSystem",
    "data": {
        "atom_numbs": [
            2
        ],
        "atom_names": [
            "Mo"
        ],
        "atom_types": {
            "@module": "numpy",
            "@class": "array",
            "dtype": "int64",
            "data": [
                0,
                0
            ]
        },
        "orig": {
            "@module": "numpy",
            "@class": "array",
            "dtype": "int64",
            "data": [
                0,
                0,
                0
            ]
        },
        "cells": {
            "@module": "numpy",
            "@class": "array",
            "dtype": "float64",
            "data": [
                [
                    [
                        3.511097846,
                        0.0,
                        0.0
                    ],
                    [
                        0.0,
                        3.511097846,
                        0.0
                    ],
                    [
                        0.0,
                        0.0,
                        3.511097846
                    ]
                ],
                [
                    [
                        3.511097846,
                        0.0,
                        0.0
                    ],
                    [
                        0.0,
                        3.511097846,
                        0.0
                    ],
                    [
                        0.0,
                        0.0,
                        3.511097846
                    ]
                ]
            ]
        },
        "coords": {
            "@module": "numpy",
            "@class": "array",
            "dtype": "float64",
            "data": [
                [
                    [
                        0.0,
                        0.0,
                        0.0
                    ],
                    [
                        1.755548923,
                        1.755548923,
                        1.755548923
                    ]
                ],
                [
                    [
                        0.0,
                        0.0,
                        0.0
                    ],
                    [
                        1.755548923,
                        1.755548923,
                        1.755548923
                    ]
                ]
            ]
        },
        "energies": {
            "@module": "numpy",
            "@class": "array",
            "dtype": "float64",
            "data": [
                -19.773552,
                -19.773552
            ]
        },
        "forces": {
            "@module": "numpy",
            "@class": "array",
            "dtype": "float64",
            "data": [
                [
                    [
                        -4.44089e-16,
                        -6.9519e-16,
                        -4.54498e-16
                    ],
                    [
                        6.66134e-16,
                        7.73687e-16,
                        1.88543e-16
                    ]
                ],
                [
                    [
                        -1.33227e-15,
                        -1.58857e-15,
                        -1.0417e-15
                    ],
                    [
                        9.99201e-16,
                        1.21951e-15,
                        9.88684e-16
                    ]
                ]
            ]
        },
        "virials": {
            "@module": "numpy",
            "@class": "array",
            "dtype": "float64",
            "data": [
                [
                    [
                        -13.026381669168419,
                        -1.1622646408672497e-16,
                        1.2602764989892496e-15
                    ],
                    [
                        -1.1622646408672497e-16,
                        -13.026381669168419,
                        1.488392623680234e-15
                    ],
                    [
                        1.2602764989892496e-15,
                        1.488392623680234e-15,
                        -13.026381669168419
                    ]
                ],
                [
                    [
                        -13.026381669168419,
                        1.222979949056608e-16,
                        8.968519662436238e-16
                    ],
                    [
                        1.222979949056608e-16,
                        -13.026381669168419,
                        1.5681898920470096e-15
                    ],
                    [
                        8.968519662436238e-16,
                        1.5681898920470096e-15,
                        -13.026381669168419
                    ]
                ]
            ]
        },
        "stress": {
            "@module": "numpy",
            "@class": "array",
            "dtype": "float64",
            "data": [
                [
                    [
                        -482.17578000000003,
                        -4.3021605999999996e-15,
                        4.6649547e-14
                    ],
                    [
                        -4.3021605999999996e-15,
                        -482.17578000000003,
                        5.509334e-14
                    ],
                    [
                        4.6649547e-14,
                        5.509334e-14,
                        -482.17578000000003
                    ]
                ],
                [
                    [
                        -482.17578000000003,
                        4.5269003e-15,
                        3.3197269e-14
                    ],
                    [
                        4.5269003e-15,
                        -482.17578000000003,
                        5.8047062e-14
                    ],
                    [
                        3.3197269e-14,
                        5.8047062e-14,
                        -482.17578000000003
                    ]
                ]
            ]
        }
    }
}