{
    "@module": "dpdata.system",
    "@class": "LabeledSystem",
    "data": {
        "atom_numbs": [
            2
        ],
        "atom_names": [
            "Mo"
        ],
        "atom_types": {
            "@module": "numpy",
            "@class": "array",
            "dtype": "int64",
            "data": [
                0,
                0
            ]
        },
        "orig": {
            "@module": "numpy",
            "@class": "array",
            "dtype": "int64",
            "data": [
                0,
                0,
                0
            ]
        },
        "cells": {
            "@module": "numpy",
            "@class": "array",
            "dtype": "float64",
            "data": [
                [
                    [
                        3.4324645971,
                        0.0,
                        0.0
                    ],
                    [
                        0.0,
                        3.4324645971,
                        0.0
                    ],
                    [
                        0.0,
                        0.0,
                        3.4324645971
                    ]
                ],
                [
                    [
                        3.4324645971,
                        0.0,
                        0.0
                    ],
                    [
                        0.0,
                        3.4324645971,
                        0.0
                    ],
                    [
                        0.0,
                        0.0,
                        3.4324645971
                    ]
                ]
            ]
        },
        "coords": {
            "@module": "numpy",
            "@class": "array",
            "dtype": "float64",
            "data": [
                [
                    [
                        0.0,
                        0.0,
                        0.0
                    ],
                    [
                        1.71623229855,
                        1.71623229855,
                        1.71623229855
                    ]
                ],
                [
                    [
                        0.0,
                        0.0,
                        0.0
                    ],
                    [
                        1.71623229855,
                        1.71623229855,
                        1.71623229855
                    ]
                ]
            ]
        },
        "energies": {
            "@module": "numpy",
            "@class": "array",
            "dtype": "float64",
            "data": [
                -20.540635,
                -20.540635
            ]
        },
        "forces": {
            "@module": "numpy",
            "@class": "array",
            "dtype": "float64",
            "data": [
                [
                    [
                        -2.42173e-11,
                        -2.42176e-11,
                        -2.42173e-11
                    ],
                    [
                        2.42179e-11,
                        2.42176e-11,
                        2.42176e-11
                    ]
                ],
                [
                    [
                        -2.42177e-11,
                        -2.42172e-11,
                        -2.42172e-11
                    ],
                    [
                        2.42179e-11,
                        2.42176e-11,
                        2.42174e-11
                    ]
                ]
            ]
        },
        "virials": {
            "@module": "numpy",
            "@class": "array",
            "dtype": "float64",
            "data": [
                [
                    [
                        -9.689740414069238,
                        -1.3584433909508653e-15,
                        -1.5082877264154647e-15
                    ],
                    [
                        -1.3584433909508653e-15,
                        -9.689740414069238,
                        -7.847861217374074e-16
                    ],
                    [
                        -1.5082877264154647e-15,
                        -7.847861217374074e-16,
                        -9.689740414069238
                    ]
                ],
                [
                    [
                        -9.689740414069238,
                        -2.1921287149019582e-15,
                        -1.8841738197983546e-15
                    ],
                    [
                        -2.1921287149019582e-15,
                        -9.689740414069238,
                        -1.4410604259335275e-15
                    ],
                    [
                        -1.8841738197983546e-15,
                        -1.4410604259335275e-15,
                        -9.689740414069238
                    ]
                ]
            ]
        },
        "stress": {
            "@module": "numpy",
            "@class": "array",
            "dtype": "float64",
            "data": [
                [
                    [
                        -383.88782000000003,
                        -5.3818766e-14,
                        -5.9755294e-14
                    ],
                    [
                        -5.3818766e-14,
                        -383.88782000000003,
                        -3.1091631e-14
                    ],
                    [
                        -5.9755294e-14,
                        -3.1091631e-14,
                        -383.88782000000003
                    ]
                ],
                [
                    [
                        -383.88782000000003,
                        -8.684768399999999e-14,
                        -7.464713700000001e-14
                    ],
                    [
                        -8.684768399999999e-14,
                        -383.88782000000003,
                        -5.709188500000001e-14
                    ],
                    [
                        -7.464713700000001e-14,
                        -5.709188500000001e-14,
                        -383.88782000000003
                    ]
                ]
            ]
        }
    }
}