{
    "@module": "dpdata.system",
    "@class": "LabeledSystem",
    "data": {
        "atom_numbs": [
            2
        ],
        "atom_names": [
            "Mo"
        ],
        "atom_types": {
            "@module": "numpy",
            "@class": "array",
            "dtype": "int64",
            "data": [
                0,
                0
            ]
        },
        "orig": {
            "@module": "numpy",
            "@class": "array",
            "dtype": "int64",
            "data": [
                0,
                0,
                0
            ]
        },
        "cells": {
            "@module": "numpy",
            "@class": "array",
            "dtype": "float64",
            "data": [
                [
                    [
                        2.7935242148,
                        0.0,
                        0.0
                    ],
                    [
                        0.0,
                        2.7935242148,
                        0.0
                    ],
                    [
                        0.0,
                        0.0,
                        2.7935242148
                    ]
                ],
                [
                    [
                        2.7935242148,
                        0.0,
                        0.0
                    ],
                    [
                        0.0,
                        2.7935242148,
                        0.0
                    ],
                    [
                        0.0,
                        0.0,
                        2.7935242148
                    ]
                ]
            ]
        },
        "coords": {
            "@module": "numpy",
            "@class": "array",
            "dtype": "float64",
            "data": [
                [
                    [
                        0.0,
                        0.0,
                        0.0
                    ],
                    [
                        1.3967621074,
                        1.3967621074,
                        1.3967621074
                    ]
                ],
                [
                    [
                        -8.881786759019416e-16,
                        -7.771556430331452e-16,
                        -9.367496814246693e-16
                    ],
                    [
                        1.3967621074,
                        1.3967621074,
                        1.3967621074
                    ]
                ]
            ]
        },
        "energies": {
            "@module": "numpy",
            "@class": "array",
            "dtype": "float64",
            "data": [
                -14.672515,
                -14.672515
            ]
        },
        "forces": {
            "@module": "numpy",
            "@class": "array",
            "dtype": "float64",
            "data": [
                [
                    [
                        -8.88178e-16,
                        -7.77156e-16,
                        -9.36751e-16
                    ],
                    [
                        8.88178e-16,
                        3.34829e-16,
                        1.38572e-15
                    ]
                ],
                [
                    [
                        -5.9508e-14,
                        -4.61575e-14,
                        -7.25781e-14
                    ],
                    [
                        5.77316e-14,
                        4.64368e-14,
                        7.20833e-14
                    ]
                ]
            ]
        },
        "virials": {
            "@module": "numpy",
            "@class": "array",
            "dtype": "float64",
            "data": [
                [
                    [
                        58.12224332510637,
                        3.7209816342526024e-16,
                        -4.926614316687267e-16
                    ],
                    [
                        3.7209816342526024e-16,
                        58.12224332510637,
                        9.020561434502402e-16
                    ],
                    [
                        -4.926614316687267e-16,
                        9.020561434502402e-16,
                        58.12224332510637
                    ]
                ],
                [
                    [
                        58.12224332510637,
                        1.4372183028226506e-15,
                        9.128114274787065e-15
                    ],
                    [
                        1.4372183028226506e-15,
                        58.12224332510637,
                        1.5057399000504548e-14
                    ],
                    [
                        9.128114274787065e-15,
                        1.5057399000504548e-14,
                        58.12224332510637
                    ]
                ]
            ]
        },
        "stress": {
            "@module": "numpy",
            "@class": "array",
            "dtype": "float64",
            "data": [
                [
                    [
                        4271.6478,
                        2.7347056999999998e-14,
                        -3.6207758000000004e-14
                    ],
                    [
                        2.7347056999999998e-14,
                        4271.6478,
                        6.629589499999999e-14
                    ],
                    [
                        -3.6207758000000004e-14,
                        6.629589499999999e-14,
                        4271.6478
                    ]
                ],
                [
                    [
                        4271.6478,
                        1.0562721000000001e-13,
                        6.7086346e-13
                    ],
                    [
                        1.0562721000000001e-13,
                        4271.6478,
                        1.1066315e-12
                    ],
                    [
                        6.7086346e-13,
                        1.1066315e-12,
                        4271.6478
                    ]
                ]
            ]
        }
    }
}