{
    "@module": "dpdata.system",
    "@class": "LabeledSystem",
    "data": {
        "atom_numbs": [
            2
        ],
        "atom_names": [
            "Mo"
        ],
        "atom_types": {
            "@module": "numpy",
            "@class": "array",
            "dtype": "int64",
            "data": [
                0,
                0
            ]
        },
        "orig": {
            "@module": "numpy",
            "@class": "array",
            "dtype": "int64",
            "data": [
                0,
                0,
                0
            ]
        },
        "cells": {
            "@module": "numpy",
            "@class": "array",
            "dtype": "float64",
            "data": [
                [
                    [
                        3.3216617572,
                        0.0,
                        0.0
                    ],
                    [
                        0.0,
                        3.3216617572,
                        0.0
                    ],
                    [
                        0.0,
                        0.0,
                        3.3216617572
                    ]
                ],
                [
                    [
                        3.3216617572,
                        0.0,
                        0.0
                    ],
                    [
                        0.0,
                        3.3216617572,
                        0.0
                    ],
                    [
                        0.0,
                        0.0,
                        3.3216617572
                    ]
                ]
            ]
        },
        "coords": {
            "@module": "numpy",
            "@class": "array",
            "dtype": "float64",
            "data": [
                [
                    [
                        0.0,
                        0.0,
                        0.0
                    ],
                    [
                        1.6608308786,
                        1.6608308786,
                        1.6608308786
                    ]
                ],
                [
                    [
                        0.0,
                        0.0,
                        0.0
                    ],
                    [
                        1.6608308786,
                        1.6608308786,
                        1.6608308786
                    ]
                ]
            ]
        },
        "energies": {
            "@module": "numpy",
            "@class": "array",
            "dtype": "float64",
            "data": [
                -21.33773,
                -21.33773
            ]
        },
        "forces": {
            "@module": "numpy",
            "@class": "array",
            "dtype": "float64",
            "data": [
                [
                    [
                        0.0,
                        1.37043e-16,
                        1.22623e-16
                    ],
                    [
                        5.55112e-17,
                        -1.11456e-16,
                        1.22081e-16
                    ]
                ],
                [
                    [
                        0.0,
                        1.37043e-16,
                        1.22623e-16
                    ],
                    [
                        5.55112e-17,
                        -1.11456e-16,
                        1.22081e-16
                    ]
                ]
            ]
        },
        "virials": {
            "@module": "numpy",
            "@class": "array",
            "dtype": "float64",
            "data": [
                [
                    [
                        -6.432768081613448,
                        2.1022678580686723e-16,
                        -4.359576648968459e-16
                    ],
                    [
                        2.1022678580686723e-16,
                        -6.432768081613448,
                        -2.8113360730720623e-16
                    ],
                    [
                        -4.359576648968459e-16,
                        -2.8113360730720623e-16,
                        -6.432768081613448
                    ]
                ],
                [
                    [
                        -6.432768081613448,
                        2.1022678580686723e-16,
                        -4.359576648968459e-16
                    ],
                    [
                        2.1022678580686723e-16,
                        -6.432768081613448,
                        -2.8113360730720623e-16
                    ],
                    [
                        -4.359576648968459e-16,
                        -2.8113360730720623e-16,
                        -6.432768081613448
                    ]
                ]
            ]
        },
        "stress": {
            "@module": "numpy",
            "@class": "array",
            "dtype": "float64",
            "data": [
                [
                    [
                        -281.21732000000003,
                        9.1903536e-15,
                        -1.905849e-14
                    ],
                    [
                        9.1903536e-15,
                        -281.21732000000003,
                        -1.2290143e-14
                    ],
                    [
                        -1.905849e-14,
                        -1.2290143e-14,
                        -281.21732000000003
                    ]
                ],
                [
                    [
                        -281.21732000000003,
                        9.1903536e-15,
                        -1.905849e-14
                    ],
                    [
                        9.1903536e-15,
                        -281.21732000000003,
                        -1.2290143e-14
                    ],
                    [
                        -1.905849e-14,
                        -1.2290143e-14,
                        -281.21732000000003
                    ]
                ]
            ]
        }
    }
}