{
    "@module": "dpdata.system",
    "@class": "LabeledSystem",
    "data": {
        "atom_numbs": [
            2
        ],
        "atom_names": [
            "Mo"
        ],
        "atom_types": {
            "@module": "numpy",
            "@class": "array",
            "dtype": "int64",
            "data": [
                0,
                0
            ]
        },
        "orig": {
            "@module": "numpy",
            "@class": "array",
            "dtype": "int64",
            "data": [
                0,
                0,
                0
            ]
        },
        "cells": {
            "@module": "numpy",
            "@class": "array",
            "dtype": "float64",
            "data": [
                [
                    [
                        3.414493249,
                        0.0,
                        0.0
                    ],
                    [
                        0.0,
                        3.414493249,
                        0.0
                    ],
                    [
                        0.0,
                        0.0,
                        3.414493249
                    ]
                ],
                [
                    [
                        3.414493249,
                        0.0,
                        0.0
                    ],
                    [
                        0.0,
                        3.414493249,
                        0.0
                    ],
                    [
                        0.0,
                        0.0,
                        3.414493249
                    ]
                ]
            ]
        },
        "coords": {
            "@module": "numpy",
            "@class": "array",
            "dtype": "float64",
            "data": [
                [
                    [
                        0.0,
                        0.0,
                        0.0
                    ],
                    [
                        1.7072466245,
                        1.7072466245,
                        1.7072466245
                    ]
                ],
                [
                    [
                        0.0,
                        0.0,
                        0.0
                    ],
                    [
                        1.7072466245,
                        1.7072466245,
                        1.7072466245
                    ]
                ]
            ]
        },
        "energies": {
            "@module": "numpy",
            "@class": "array",
            "dtype": "float64",
            "data": [
                -20.688792,
                -20.688792
            ]
        },
        "forces": {
            "@module": "numpy",
            "@class": "array",
            "dtype": "float64",
            "data": [
                [
                    [
                        2.22045e-16,
                        2.88608e-16,
                        1.90535e-16
                    ],
                    [
                        -2.22045e-16,
                        -2.44596e-16,
                        -4.00464e-16
                    ]
                ],
                [
                    [
                        2.22045e-16,
                        2.88608e-16,
                        1.90535e-16
                    ],
                    [
                        -2.22045e-16,
                        -2.44596e-16,
                        -4.00464e-16
                    ]
                ]
            ]
        },
        "virials": {
            "@module": "numpy",
            "@class": "array",
            "dtype": "float64",
            "data": [
                [
                    [
                        -9.140429307378062,
                        1.0126447482597168e-16,
                        -2.335913410273096e-16
                    ],
                    [
                        1.0126447482597168e-16,
                        -9.140429307378062,
                        2.8422356974395706e-16
                    ],
                    [
                        -2.335913410273096e-16,
                        2.8422356974395706e-16,
                        -9.140429307378062
                    ]
                ],
                [
                    [
                        -9.140429307378062,
                        1.0126447482597168e-16,
                        -2.335913410273096e-16
                    ],
                    [
                        1.0126447482597168e-16,
                        -9.140429307378062,
                        2.8422356974395706e-16
                    ],
                    [
                        -2.335913410273096e-16,
                        2.8422356974395706e-16,
                        -9.140429307378062
                    ]
                ]
            ]
        },
        "stress": {
            "@module": "numpy",
            "@class": "array",
            "dtype": "float64",
            "data": [
                [
                    [
                        -367.87325,
                        4.0755735e-15,
                        -9.401309599999999e-15
                    ],
                    [
                        4.0755735e-15,
                        -367.87325,
                        1.1439096e-14
                    ],
                    [
                        -9.401309599999999e-15,
                        1.1439096e-14,
                        -367.87325
                    ]
                ],
                [
                    [
                        -367.87325,
                        4.0755735e-15,
                        -9.401309599999999e-15
                    ],
                    [
                        4.0755735e-15,
                        -367.87325,
                        1.1439096e-14
                    ],
                    [
                        -9.401309599999999e-15,
                        1.1439096e-14,
                        -367.87325
                    ]
                ]
            ]
        }
    }
}