{
    "@module": "dpdata.system",
    "@class": "LabeledSystem",
    "data": {
        "atom_numbs": [
            2
        ],
        "atom_names": [
            "Mo"
        ],
        "atom_types": {
            "@module": "numpy",
            "@class": "array",
            "dtype": "int64",
            "data": [
                0,
                0
            ]
        },
        "orig": {
            "@module": "numpy",
            "@class": "array",
            "dtype": "int64",
            "data": [
                0,
                0,
                0
            ]
        },
        "cells": {
            "@module": "numpy",
            "@class": "array",
            "dtype": "float64",
            "data": [
                [
                    [
                        3.223329467,
                        0.0,
                        0.0
                    ],
                    [
                        0.0,
                        3.223329467,
                        0.0
                    ],
                    [
                        0.0,
                        0.0,
                        3.223329467
                    ]
                ],
                [
                    [
                        3.223329467,
                        0.0,
                        0.0
                    ],
                    [
                        0.0,
                        3.223329467,
                        0.0
                    ],
                    [
                        0.0,
                        0.0,
                        3.223329467
                    ]
                ]
            ]
        },
        "coords": {
            "@module": "numpy",
            "@class": "array",
            "dtype": "float64",
            "data": [
                [
                    [
                        0.0,
                        0.0,
                        0.0
                    ],
                    [
                        1.6116647335,
                        1.6116647335,
                        1.6116647335
                    ]
                ],
                [
                    [
                        0.0,
                        0.0,
                        0.0
                    ],
                    [
                        1.6116647335,
                        1.6116647335,
                        1.6116647335
                    ]
                ]
            ]
        },
        "energies": {
            "@module": "numpy",
            "@class": "array",
            "dtype": "float64",
            "data": [
                -21.74979,
                -21.74979
            ]
        },
        "forces": {
            "@module": "numpy",
            "@class": "array",
            "dtype": "float64",
            "data": [
                [
                    [
                        6.10623e-16,
                        1.01915e-16,
                        4.89355e-16
                    ],
                    [
                        -5.55112e-16,
                        -2.97071e-16,
                        -4.0598e-16
                    ]
                ],
                [
                    [
                        7.77156e-16,
                        3.08727e-16,
                        4.08039e-16
                    ],
                    [
                        -6.10623e-16,
                        -3.40006e-16,
                        -5.90457e-16
                    ]
                ]
            ]
        },
        "virials": {
            "@module": "numpy",
            "@class": "array",
            "dtype": "float64",
            "data": [
                [
                    [
                        -2.669977905353438,
                        -5.746271041991815e-17,
                        -1.979753022026319e-16
                    ],
                    [
                        -5.746271041991815e-17,
                        -2.669977905353438,
                        -1.3487474023915622e-16
                    ],
                    [
                        -1.979753022026319e-16,
                        -1.3487474023915622e-16,
                        -2.669977905353438
                    ]
                ],
                [
                    [
                        -2.669977905353438,
                        -4.067926294986417e-16,
                        -1.6566607846102497e-16
                    ],
                    [
                        -4.067926294986417e-16,
                        -2.669977905353438,
                        -1.481020047494703e-16
                    ],
                    [
                        -1.6566607846102497e-16,
                        -1.481020047494703e-16,
                        -2.669977905353438
                    ]
                ]
            ]
        },
        "stress": {
            "@module": "numpy",
            "@class": "array",
            "dtype": "float64",
            "data": [
                [
                    [
                        -127.73325,
                        -2.7490485e-15,
                        -9.4712502e-15
                    ],
                    [
                        -2.7490485e-15,
                        -127.73325,
                        -6.4524837000000004e-15
                    ],
                    [
                        -9.4712502e-15,
                        -6.4524837000000004e-15,
                        -127.73325
                    ]
                ],
                [
                    [
                        -127.73325,
                        -1.9461189e-14,
                        -7.9255587e-15
                    ],
                    [
                        -1.9461189e-14,
                        -127.73325,
                        -7.0852835e-15
                    ],
                    [
                        -7.9255587e-15,
                        -7.0852835e-15,
                        -127.73325
                    ]
                ]
            ]
        }
    }
}