{
    "@module": "dpdata.system",
    "@class": "LabeledSystem",
    "data": {
        "atom_numbs": [
            2
        ],
        "atom_names": [
            "Mo"
        ],
        "atom_types": {
            "@module": "numpy",
            "@class": "array",
            "dtype": "int64",
            "data": [
                0,
                0
            ]
        },
        "orig": {
            "@module": "numpy",
            "@class": "array",
            "dtype": "int64",
            "data": [
                0,
                0,
                0
            ]
        },
        "cells": {
            "@module": "numpy",
            "@class": "array",
            "dtype": "float64",
            "data": [
                [
                    [
                        3.3500534055,
                        0.0,
                        0.0
                    ],
                    [
                        0.0,
                        3.3500534055,
                        0.0
                    ],
                    [
                        0.0,
                        0.0,
                        3.3500534055
                    ]
                ],
                [
                    [
                        3.3500534055,
                        0.0,
                        0.0
                    ],
                    [
                        0.0,
                        3.3500534055,
                        0.0
                    ],
                    [
                        0.0,
                        0.0,
                        3.3500534055
                    ]
                ]
            ]
        },
        "coords": {
            "@module": "numpy",
            "@class": "array",
            "dtype": "float64",
            "data": [
                [
                    [
                        0.0,
                        0.0,
                        0.0
                    ],
                    [
                        1.67502670275,
                        1.67502670275,
                        1.67502670275
                    ]
                ],
                [
                    [
                        -2.4999941041214024e-11,
                        -2.4999974541748083e-11,
                        -2.4999974541748083e-11
                    ],
                    [
                        1.67502670275,
                        1.67502670275,
                        1.67502670275
                    ]
                ]
            ]
        },
        "energies": {
            "@module": "numpy",
            "@class": "array",
            "dtype": "float64",
            "data": [
                -21.161271,
                -21.161271
            ]
        },
        "forces": {
            "@module": "numpy",
            "@class": "array",
            "dtype": "float64",
            "data": [
                [
                    [
                        -7.86851e-11,
                        -7.86852e-11,
                        -7.86852e-11
                    ],
                    [
                        7.86856e-11,
                        7.86853e-11,
                        7.86852e-11
                    ]
                ],
                [
                    [
                        -1.11022e-16,
                        -4.39319e-16,
                        -1.53686e-16
                    ],
                    [
                        5.55112e-17,
                        1.87567e-16,
                        1.19235e-16
                    ]
                ]
            ]
        },
        "virials": {
            "@module": "numpy",
            "@class": "array",
            "dtype": "float64",
            "data": [
                [
                    [
                        -7.368266423136637,
                        1.017997996067098e-16,
                        1.1989648744378476e-15
                    ],
                    [
                        1.017997996067098e-16,
                        -7.368266423136637,
                        8.168378652563165e-16
                    ],
                    [
                        1.1989648744378476e-15,
                        8.168378652563165e-16,
                        -7.368266423136637
                    ]
                ],
                [
                    [
                        -7.368266423136637,
                        1.8821748236954145e-16,
                        -8.890457188446524e-18
                    ],
                    [
                        1.8821748236954145e-16,
                        -7.368266423136637,
                        -2.296340033754773e-16
                    ],
                    [
                        -8.890457188446524e-18,
                        -2.296340033754773e-16,
                        -7.368266423136637
                    ]
                ]
            ]
        },
        "stress": {
            "@module": "numpy",
            "@class": "array",
            "dtype": "float64",
            "data": [
                [
                    [
                        -313.9934,
                        4.3381256e-15,
                        5.109303e-14
                    ],
                    [
                        4.3381256e-15,
                        -313.9934,
                        3.4808961e-14
                    ],
                    [
                        5.109303e-14,
                        3.4808961e-14,
                        -313.9934
                    ]
                ],
                [
                    [
                        -313.9934,
                        8.0207533e-15,
                        -3.7886046999999997e-16
                    ],
                    [
                        8.0207533e-15,
                        -313.9934,
                        -9.7856887e-15
                    ],
                    [
                        -3.7886046999999997e-16,
                        -9.7856887e-15,
                        -313.9934
                    ]
                ]
            ]
        }
    }
}