{
    "@module": "dpdata.system",
    "@class": "LabeledSystem",
    "data": {
        "atom_numbs": [
            2
        ],
        "atom_names": [
            "Mo"
        ],
        "atom_types": {
            "@module": "numpy",
            "@class": "array",
            "dtype": "int64",
            "data": [
                0,
                0
            ]
        },
        "orig": {
            "@module": "numpy",
            "@class": "array",
            "dtype": "int64",
            "data": [
                0,
                0,
                0
            ]
        },
        "cells": {
            "@module": "numpy",
            "@class": "array",
            "dtype": "float64",
            "data": [
                [
                    [
                        3.2434757992,
                        0.0,
                        0.0
                    ],
                    [
                        0.0,
                        3.2434757992,
                        0.0
                    ],
                    [
                        0.0,
                        0.0,
                        3.2434757992
                    ]
                ],
                [
                    [
                        3.2434757992,
                        0.0,
                        0.0
                    ],
                    [
                        0.0,
                        3.2434757992,
                        0.0
                    ],
                    [
                        0.0,
                        0.0,
                        3.2434757992
                    ]
                ]
            ]
        },
        "coords": {
            "@module": "numpy",
            "@class": "array",
            "dtype": "float64",
            "data": [
                [
                    [
                        0.0,
                        0.0,
                        0.0
                    ],
                    [
                        1.6217378996,
                        1.6217378996,
                        1.6217378996
                    ]
                ],
                [
                    [
                        0.0,
                        0.0,
                        0.0
                    ],
                    [
                        1.6217378996,
                        1.6217378996,
                        1.6217378996
                    ]
                ]
            ]
        },
        "energies": {
            "@module": "numpy",
            "@class": "array",
            "dtype": "float64",
            "data": [
                -21.69251,
                -21.69251
            ]
        },
        "forces": {
            "@module": "numpy",
            "@class": "array",
            "dtype": "float64",
            "data": [
                [
                    [
                        -3.33067e-16,
                        -1.07553e-16,
                        -3.25315e-16
                    ],
                    [
                        3.33067e-16,
                        1.94072e-16,
                        1.22894e-16
                    ]
                ],
                [
                    [
                        -3.33067e-16,
                        -1.07553e-16,
                        -3.25315e-16
                    ],
                    [
                        3.33067e-16,
                        1.94072e-16,
                        1.22894e-16
                    ]
                ]
            ]
        },
        "virials": {
            "@module": "numpy",
            "@class": "array",
            "dtype": "float64",
            "data": [
                [
                    [
                        -3.4600450850667306,
                        7.49183636674539e-16,
                        1.4181363321920766e-16
                    ],
                    [
                        7.49183636674539e-16,
                        -3.4600450850667306,
                        1.1232333678724158e-16
                    ],
                    [
                        1.4181363321920766e-16,
                        1.1232333678724158e-16,
                        -3.4600450850667306
                    ]
                ],
                [
                    [
                        -3.4600450850667306,
                        7.49183636674539e-16,
                        1.4181363321920766e-16
                    ],
                    [
                        7.49183636674539e-16,
                        -3.4600450850667306,
                        1.1232333678724158e-16
                    ],
                    [
                        1.4181363321920766e-16,
                        1.1232333678724158e-16,
                        -3.4600450850667306
                    ]
                ]
            ]
        },
        "stress": {
            "@module": "numpy",
            "@class": "array",
            "dtype": "float64",
            "data": [
                [
                    [
                        -162.46513000000002,
                        3.5177639000000004e-14,
                        6.6588064000000005e-15
                    ],
                    [
                        3.5177639000000004e-14,
                        -162.46513000000002,
                        5.2741005e-15
                    ],
                    [
                        6.6588064000000005e-15,
                        5.2741005e-15,
                        -162.46513000000002
                    ]
                ],
                [
                    [
                        -162.46513000000002,
                        3.5177639000000004e-14,
                        6.6588064000000005e-15
                    ],
                    [
                        3.5177639000000004e-14,
                        -162.46513000000002,
                        5.2741005e-15
                    ],
                    [
                        6.6588064000000005e-15,
                        5.2741005e-15,
                        -162.46513000000002
                    ]
                ]
            ]
        }
    }
}