{
    "@module": "dpdata.system",
    "@class": "LabeledSystem",
    "data": {
        "atom_numbs": [
            2
        ],
        "atom_names": [
            "Mo"
        ],
        "atom_types": {
            "@module": "numpy",
            "@class": "array",
            "dtype": "int64",
            "data": [
                0,
                0
            ]
        },
        "orig": {
            "@module": "numpy",
            "@class": "array",
            "dtype": "int64",
            "data": [
                0,
                0,
                0
            ]
        },
        "cells": {
            "@module": "numpy",
            "@class": "array",
            "dtype": "float64",
            "data": [
                [
                    [
                        3.0746712417,
                        0.0,
                        0.0
                    ],
                    [
                        0.0,
                        3.0746712417,
                        0.0
                    ],
                    [
                        0.0,
                        0.0,
                        3.0746712417
                    ]
                ],
                [
                    [
                        3.0746712417,
                        0.0,
                        0.0
                    ],
                    [
                        0.0,
                        3.0746712417,
                        0.0
                    ],
                    [
                        0.0,
                        0.0,
                        3.0746712417
                    ]
                ]
            ]
        },
        "coords": {
            "@module": "numpy",
            "@class": "array",
            "dtype": "float64",
            "data": [
                [
                    [
                        0.0,
                        0.0,
                        0.0
                    ],
                    [
                        1.53733562085,
                        1.53733562085,
                        1.53733562085
                    ]
                ],
                [
                    [
                        2.4999998132700614e-11,
                        2.4999998132700614e-11,
                        2.4999998132700614e-11
                    ],
                    [
                        1.53733562085,
                        1.53733562085,
                        1.53733562085
                    ]
                ]
            ]
        },
        "energies": {
            "@module": "numpy",
            "@class": "array",
            "dtype": "float64",
            "data": [
                -21.633098,
                -21.633098
            ]
        },
        "forces": {
            "@module": "numpy",
            "@class": "array",
            "dtype": "float64",
            "data": [
                [
                    [
                        4.23508e-10,
                        4.23508e-10,
                        4.23508e-10
                    ],
                    [
                        -4.23508e-10,
                        -4.23508e-10,
                        -4.23508e-10
                    ]
                ],
                [
                    [
                        4.44089e-16,
                        3.47812e-16,
                        5.64652e-16
                    ],
                    [
                        -1.11022e-16,
                        -8.18789e-16,
                        -5.89146e-16
                    ]
                ]
            ]
        },
        "virials": {
            "@module": "numpy",
            "@class": "array",
            "dtype": "float64",
            "data": [
                [
                    [
                        4.758587906199173,
                        -9.173433859253536e-16,
                        -1.42377418522409e-15
                    ],
                    [
                        -9.173433859253536e-16,
                        4.758587906199173,
                        -7.879980868684241e-16
                    ],
                    [
                        -1.42377418522409e-15,
                        -7.879980868684241e-16,
                        4.758587906199173
                    ]
                ],
                [
                    [
                        4.758587906199173,
                        2.515348770238129e-16,
                        8.23993580180649e-17
                    ],
                    [
                        2.515348770238129e-16,
                        4.758587906199173,
                        4.527628004132886e-16
                    ],
                    [
                        8.23993580180649e-17,
                        4.527628004132886e-16,
                        4.758587906199173
                    ]
                ]
            ]
        },
        "stress": {
            "@module": "numpy",
            "@class": "array",
            "dtype": "float64",
            "data": [
                [
                    [
                        262.29646,
                        -5.0564564e-14,
                        -7.847935899999999e-14
                    ],
                    [
                        -5.0564564e-14,
                        262.29646,
                        -4.3434967e-14
                    ],
                    [
                        -7.847935899999999e-14,
                        -4.3434967e-14,
                        262.29646
                    ]
                ],
                [
                    [
                        262.29646,
                        1.3864765999999999e-14,
                        4.5419061999999996e-15
                    ],
                    [
                        1.3864765999999999e-14,
                        262.29646,
                        2.495658e-14
                    ],
                    [
                        4.5419061999999996e-15,
                        2.495658e-14,
                        262.29646
                    ]
                ]
            ]
        }
    }
}