{
    "@module": "dpdata.system",
    "@class": "LabeledSystem",
    "data": {
        "atom_numbs": [
            2
        ],
        "atom_names": [
            "Mo"
        ],
        "atom_types": {
            "@module": "numpy",
            "@class": "array",
            "dtype": "int64",
            "data": [
                0,
                0
            ]
        },
        "orig": {
            "@module": "numpy",
            "@class": "array",
            "dtype": "int64",
            "data": [
                0,
                0,
                0
            ]
        },
        "cells": {
            "@module": "numpy",
            "@class": "array",
            "dtype": "float64",
            "data": [
                [
                    [
                        3.5025341587,
                        0.0,
                        0.0
                    ],
                    [
                        0.0,
                        3.5025341587,
                        0.0
                    ],
                    [
                        0.0,
                        0.0,
                        3.5025341587
                    ]
                ],
                [
                    [
                        3.5025341587,
                        0.0,
                        0.0
                    ],
                    [
                        0.0,
                        3.5025341587,
                        0.0
                    ],
                    [
                        0.0,
                        0.0,
                        3.5025341587
                    ]
                ]
            ]
        },
        "coords": {
            "@module": "numpy",
            "@class": "array",
            "dtype": "float64",
            "data": [
                [
                    [
                        0.0,
                        0.0,
                        0.0
                    ],
                    [
                        1.75126707935,
                        1.75126707935,
                        1.75126707935
                    ]
                ],
                [
                    [
                        2.4999968013869817e-11,
                        2.499982791250347e-11,
                        2.4999407608404425e-11
                    ],
                    [
                        1.75126707935,
                        1.75126707935,
                        1.75126707935
                    ]
                ]
            ]
        },
        "energies": {
            "@module": "numpy",
            "@class": "array",
            "dtype": "float64",
            "data": [
                -19.867695,
                -19.867695
            ]
        },
        "forces": {
            "@module": "numpy",
            "@class": "array",
            "dtype": "float64",
            "data": [
                [
                    [
                        6.84006e-11,
                        6.84002e-11,
                        6.83991e-11
                    ],
                    [
                        -6.84007e-11,
                        -6.84003e-11,
                        -6.83994e-11
                    ]
                ],
                [
                    [
                        0.0,
                        1.27762e-15,
                        8.70831e-16
                    ],
                    [
                        -1.11022e-16,
                        -1.0211e-15,
                        -6.99744e-16
                    ]
                ]
            ]
        },
        "virials": {
            "@module": "numpy",
            "@class": "array",
            "dtype": "float64",
            "data": [
                [
                    [
                        -12.66939821358429,
                        1.2993077741735414e-15,
                        2.001003379403574e-15
                    ],
                    [
                        1.2993077741735414e-15,
                        -12.66939821358429,
                        1.8457456336519732e-15
                    ],
                    [
                        2.001003379403574e-15,
                        1.8457456336519732e-15,
                        -12.66939821358429
                    ]
                ],
                [
                    [
                        -12.66939821358429,
                        5.9327538032966e-16,
                        3.148522801170498e-16
                    ],
                    [
                        5.9327538032966e-16,
                        -12.66939821358429,
                        9.332811577727751e-16
                    ],
                    [
                        3.148522801170498e-16,
                        9.332811577727751e-16,
                        -12.66939821358429
                    ]
                ]
            ]
        },
        "stress": {
            "@module": "numpy",
            "@class": "array",
            "dtype": "float64",
            "data": [
                [
                    [
                        -472.41017,
                        4.8447937000000003e-14,
                        7.4612411e-14
                    ],
                    [
                        4.8447937000000003e-14,
                        -472.41017,
                        6.8823238e-14
                    ],
                    [
                        7.4612411e-14,
                        6.8823238e-14,
                        -472.41017
                    ]
                ],
                [
                    [
                        -472.41017,
                        2.2121754999999998e-14,
                        1.1740054e-14
                    ],
                    [
                        2.2121754999999998e-14,
                        -472.41017,
                        3.479972e-14
                    ],
                    [
                        1.1740054e-14,
                        3.479972e-14,
                        -472.41017
                    ]
                ]
            ]
        }
    }
}