{
    "@module": "dpdata.system",
    "@class": "LabeledSystem",
    "data": {
        "atom_numbs": [
            2
        ],
        "atom_names": [
            "Mo"
        ],
        "atom_types": {
            "@module": "numpy",
            "@class": "array",
            "dtype": "int64",
            "data": [
                0,
                0
            ]
        },
        "orig": {
            "@module": "numpy",
            "@class": "array",
            "dtype": "int64",
            "data": [
                0,
                0,
                0
            ]
        },
        "cells": {
            "@module": "numpy",
            "@class": "array",
            "dtype": "float64",
            "data": [
                [
                    [
                        3.3871761327,
                        0.0,
                        0.0
                    ],
                    [
                        0.0,
                        3.3871761327,
                        0.0
                    ],
                    [
                        0.0,
                        0.0,
                        3.3871761327
                    ]
                ],
                [
                    [
                        3.3871761327,
                        0.0,
                        0.0
                    ],
                    [
                        0.0,
                        3.3871761327,
                        0.0
                    ],
                    [
                        0.0,
                        0.0,
                        3.3871761327
                    ]
                ]
            ]
        },
        "coords": {
            "@module": "numpy",
            "@class": "array",
            "dtype": "float64",
            "data": [
                [
                    [
                        0.0,
                        0.0,
                        0.0
                    ],
                    [
                        1.69358806635,
                        1.69358806635,
                        1.69358806635
                    ]
                ],
                [
                    [
                        2.499973088261889e-11,
                        2.4999900241425523e-11,
                        2.500006960023216e-11
                    ],
                    [
                        1.69358806635,
                        1.69358806635,
                        1.69358806635
                    ]
                ]
            ]
        },
        "energies": {
            "@module": "numpy",
            "@class": "array",
            "dtype": "float64",
            "data": [
                -20.900086,
                -20.900086
            ]
        },
        "forces": {
            "@module": "numpy",
            "@class": "array",
            "dtype": "float64",
            "data": [
                [
                    [
                        4.50087e-11,
                        4.5009e-11,
                        4.50093e-11
                    ],
                    [
                        -4.5009e-11,
                        -4.50089e-11,
                        -4.50093e-11
                    ]
                ],
                [
                    [
                        7.77156e-16,
                        8.9362e-16,
                        2.34025e-16
                    ],
                    [
                        -7.77156e-16,
                        -8.64563e-16,
                        -2.04846e-17
                    ]
                ]
            ]
        },
        "virials": {
            "@module": "numpy",
            "@class": "array",
            "dtype": "float64",
            "data": [
                [
                    [
                        -8.406672509587318,
                        -2.5492978771202626e-16,
                        -6.667842812583356e-17
                    ],
                    [
                        -2.5492978771202626e-16,
                        -8.406672509587318,
                        -4.817109816673848e-16
                    ],
                    [
                        -6.667842812583356e-17,
                        -4.817109816673848e-16,
                        -8.406672509587318
                    ]
                ],
                [
                    [
                        -8.406672509587318,
                        7.846302720873807e-16,
                        -4.342229287603457e-17
                    ],
                    [
                        7.846302720873807e-16,
                        -8.406672509587318,
                        1.1178123514801667e-16
                    ],
                    [
                        -4.342229287603457e-17,
                        1.1178123514801667e-16,
                        -8.406672509587318
                    ]
                ]
            ]
        },
        "stress": {
            "@module": "numpy",
            "@class": "array",
            "dtype": "float64",
            "data": [
                [
                    [
                        -346.59411,
                        -1.0510360999999999e-14,
                        -2.7490485e-15
                    ],
                    [
                        -1.0510360999999999e-14,
                        -346.59411,
                        -1.9860199000000002e-14
                    ],
                    [
                        -2.7490485e-15,
                        -1.9860199000000002e-14,
                        -346.59411
                    ]
                ],
                [
                    [
                        -346.59411,
                        3.2349093e-14,
                        -1.790234e-15
                    ],
                    [
                        3.2349093e-14,
                        -346.59411,
                        4.6085675e-15
                    ],
                    [
                        -1.790234e-15,
                        4.6085675e-15,
                        -346.59411
                    ]
                ]
            ]
        }
    }
}