{
    "@module": "dpdata.system",
    "@class": "LabeledSystem",
    "data": {
        "atom_numbs": [
            2
        ],
        "atom_names": [
            "Mo"
        ],
        "atom_types": {
            "@module": "numpy",
            "@class": "array",
            "dtype": "int64",
            "data": [
                0,
                0
            ]
        },
        "orig": {
            "@module": "numpy",
            "@class": "array",
            "dtype": "int64",
            "data": [
                0,
                0,
                0
            ]
        },
        "cells": {
            "@module": "numpy",
            "@class": "array",
            "dtype": "float64",
            "data": [
                [
                    [
                        3.4678533248,
                        0.0,
                        0.0
                    ],
                    [
                        0.0,
                        3.4678533248,
                        0.0
                    ],
                    [
                        0.0,
                        0.0,
                        3.4678533248
                    ]
                ],
                [
                    [
                        3.4678533248,
                        0.0,
                        0.0
                    ],
                    [
                        0.0,
                        3.4678533248,
                        0.0
                    ],
                    [
                        0.0,
                        0.0,
                        3.4678533248
                    ]
                ]
            ]
        },
        "coords": {
            "@module": "numpy",
            "@class": "array",
            "dtype": "float64",
            "data": [
                [
                    [
                        0.0,
                        0.0,
                        0.0
                    ],
                    [
                        1.7339266624,
                        1.7339266624,
                        1.7339266624
                    ]
                ],
                [
                    [
                        0.0,
                        0.0,
                        0.0
                    ],
                    [
                        1.7339266624,
                        1.7339266624,
                        1.7339266624
                    ]
                ]
            ]
        },
        "energies": {
            "@module": "numpy",
            "@class": "array",
            "dtype": "float64",
            "data": [
                -20.222241,
                -20.222241
            ]
        },
        "forces": {
            "@module": "numpy",
            "@class": "array",
            "dtype": "float64",
            "data": [
                [
                    [
                        2.22045e-16,
                        -2.19876e-16,
                        -1.2013e-16
                    ],
                    [
                        -2.22045e-16,
                        3.98986e-17,
                        1.42139e-16
                    ]
                ],
                [
                    [
                        2.22045e-16,
                        -2.19876e-16,
                        -1.2013e-16
                    ],
                    [
                        -2.22045e-16,
                        3.98986e-17,
                        1.42139e-16
                    ]
                ]
            ]
        },
        "virials": {
            "@module": "numpy",
            "@class": "array",
            "dtype": "float64",
            "data": [
                [
                    [
                        -11.078363339543847,
                        -1.3704314334055844e-16,
                        2.4286126928245628e-17
                    ],
                    [
                        -1.3704314334055844e-16,
                        -11.078363339543847,
                        5.863364919035505e-16
                    ],
                    [
                        2.4286126928245628e-17,
                        5.863364919035505e-16,
                        -11.078363339543847
                    ]
                ],
                [
                    [
                        -11.078363339543847,
                        -1.3704314334055844e-16,
                        2.4286126928245628e-17
                    ],
                    [
                        -1.3704314334055844e-16,
                        -11.078363339543847,
                        5.863364919035505e-16
                    ],
                    [
                        2.4286126928245628e-17,
                        5.863364919035505e-16,
                        -11.078363339543847
                    ]
                ]
            ]
        },
        "stress": {
            "@module": "numpy",
            "@class": "array",
            "dtype": "float64",
            "data": [
                [
                    [
                        -425.60217,
                        -5.2648444e-15,
                        9.3301041e-16
                    ],
                    [
                        -5.2648444e-15,
                        -425.60217,
                        2.2525537000000002e-14
                    ],
                    [
                        9.3301041e-16,
                        2.2525537000000002e-14,
                        -425.60217
                    ]
                ],
                [
                    [
                        -425.60217,
                        -5.2648444e-15,
                        9.3301041e-16
                    ],
                    [
                        -5.2648444e-15,
                        -425.60217,
                        2.2525537000000002e-14
                    ],
                    [
                        9.3301041e-16,
                        2.2525537000000002e-14,
                        -425.60217
                    ]
                ]
            ]
        }
    }
}