{
    "@module": "dpdata.system",
    "@class": "LabeledSystem",
    "data": {
        "atom_numbs": [
            2
        ],
        "atom_names": [
            "Mo"
        ],
        "atom_types": {
            "@module": "numpy",
            "@class": "array",
            "dtype": "int64",
            "data": [
                0,
                0
            ]
        },
        "orig": {
            "@module": "numpy",
            "@class": "array",
            "dtype": "int64",
            "data": [
                0,
                0,
                0
            ]
        },
        "cells": {
            "@module": "numpy",
            "@class": "array",
            "dtype": "float64",
            "data": [
                [
                    [
                        2.6956694688,
                        0.0,
                        0.0
                    ],
                    [
                        0.0,
                        2.6956694688,
                        0.0
                    ],
                    [
                        0.0,
                        0.0,
                        2.6956694688
                    ]
                ],
                [
                    [
                        2.6956694688,
                        0.0,
                        0.0
                    ],
                    [
                        0.0,
                        2.6956694688,
                        0.0
                    ],
                    [
                        0.0,
                        0.0,
                        2.6956694688
                    ]
                ]
            ]
        },
        "coords": {
            "@module": "numpy",
            "@class": "array",
            "dtype": "float64",
            "data": [
                [
                    [
                        0.0,
                        0.0,
                        0.0
                    ],
                    [
                        1.3478347344,
                        1.3478347344,
                        1.3478347344
                    ]
                ],
                [
                    [
                        0.0,
                        0.0,
                        0.0
                    ],
                    [
                        1.3478347344,
                        1.3478347344,
                        1.3478347344
                    ]
                ]
            ]
        },
        "energies": {
            "@module": "numpy",
            "@class": "array",
            "dtype": "float64",
            "data": [
                -12.405512,
                -12.405512
            ]
        },
        "forces": {
            "@module": "numpy",
            "@class": "array",
            "dtype": "float64",
            "data": [
                [
                    [
                        -4.44089e-16,
                        6.45314e-16,
                        2.77998e-16
                    ],
                    [
                        6.10623e-16,
                        -2.70935e-16,
                        9.72787e-16
                    ]
                ],
                [
                    [
                        -4.44089e-16,
                        6.45314e-16,
                        2.77998e-16
                    ],
                    [
                        6.10623e-16,
                        -2.70935e-16,
                        9.72787e-16
                    ]
                ]
            ]
        },
        "virials": {
            "@module": "numpy",
            "@class": "array",
            "dtype": "float64",
            "data": [
                [
                    [
                        10.578566749476787,
                        -3.673054786165924e-15,
                        -3.7593217291773934e-15
                    ],
                    [
                        -3.673054786165924e-15,
                        10.578566749476787,
                        -4.241900006526005e-15
                    ],
                    [
                        -3.7593217291773934e-15,
                        -4.241900006526005e-15,
                        10.578566749476787
                    ]
                ],
                [
                    [
                        10.578566749476787,
                        -3.673054786165924e-15,
                        -3.7593217291773934e-15
                    ],
                    [
                        -3.673054786165924e-15,
                        10.578566749476787,
                        -4.241900006526005e-15
                    ],
                    [
                        -3.7593217291773934e-15,
                        -4.241900006526005e-15,
                        10.578566749476787
                    ]
                ]
            ]
        },
        "stress": {
            "@module": "numpy",
            "@class": "array",
            "dtype": "float64",
            "data": [
                [
                    [
                        865.2414200000001,
                        -3.0042625e-13,
                        -3.0748219e-13
                    ],
                    [
                        -3.0042625e-13,
                        865.2414200000001,
                        -3.4695320000000003e-13
                    ],
                    [
                        -3.0748219e-13,
                        -3.4695320000000003e-13,
                        865.2414200000001
                    ]
                ],
                [
                    [
                        865.2414200000001,
                        -3.0042625e-13,
                        -3.0748219e-13
                    ],
                    [
                        -3.0042625e-13,
                        865.2414200000001,
                        -3.4695320000000003e-13
                    ],
                    [
                        -3.0748219e-13,
                        -3.4695320000000003e-13,
                        865.2414200000001
                    ]
                ]
            ]
        }
    }
}