{
    "@module": "dpdata.system",
    "@class": "LabeledSystem",
    "data": {
        "atom_numbs": [
            2
        ],
        "atom_names": [
            "Mo"
        ],
        "atom_types": {
            "@module": "numpy",
            "@class": "array",
            "dtype": "int64",
            "data": [
                0,
                0
            ]
        },
        "orig": {
            "@module": "numpy",
            "@class": "array",
            "dtype": "int64",
            "data": [
                0,
                0,
                0
            ]
        },
        "cells": {
            "@module": "numpy",
            "@class": "array",
            "dtype": "float64",
            "data": [
                [
                    [
                        2.779963204,
                        0.0,
                        0.0
                    ],
                    [
                        0.0,
                        2.779963204,
                        0.0
                    ],
                    [
                        0.0,
                        0.0,
                        2.779963204
                    ]
                ],
                [
                    [
                        2.779963204,
                        0.0,
                        0.0
                    ],
                    [
                        0.0,
                        2.779963204,
                        0.0
                    ],
                    [
                        0.0,
                        0.0,
                        2.779963204
                    ]
                ]
            ]
        },
        "coords": {
            "@module": "numpy",
            "@class": "array",
            "dtype": "float64",
            "data": [
                [
                    [
                        0.0,
                        0.0,
                        0.0
                    ],
                    [
                        1.389981602,
                        1.389981602,
                        1.389981602
                    ]
                ],
                [
                    [
                        -4.44088001986184e-16,
                        -4.85723510892492e-17,
                        7.933625789367441e-16
                    ],
                    [
                        1.389981602,
                        1.389981602,
                        1.389981602
                    ]
                ]
            ]
        },
        "energies": {
            "@module": "numpy",
            "@class": "array",
            "dtype": "float64",
            "data": [
                -14.05719,
                -14.05719
            ]
        },
        "forces": {
            "@module": "numpy",
            "@class": "array",
            "dtype": "float64",
            "data": [
                [
                    [
                        -4.44089e-16,
                        -4.85723e-17,
                        7.93362e-16
                    ],
                    [
                        -4.44089e-16,
                        9.229e-16,
                        -8.98156e-16
                    ]
                ],
                [
                    [
                        8.88178e-16,
                        -4.15987e-14,
                        8.96705e-14
                    ],
                    [
                        0.0,
                        4.1034e-14,
                        -8.88815e-14
                    ]
                ]
            ]
        },
        "virials": {
            "@module": "numpy",
            "@class": "array",
            "dtype": "float64",
            "data": [
                [
                    [
                        27.139481971047125,
                        -9.016224640801623e-16,
                        -8.812394530032027e-16
                    ],
                    [
                        -9.016224640801623e-16,
                        27.139481971047125,
                        -7.632782690203567e-16
                    ],
                    [
                        -8.812394530032027e-16,
                        -7.632782690203567e-16,
                        27.139481971047125
                    ]
                ],
                [
                    [
                        27.139481971047125,
                        1.8518171590914005e-16,
                        2.393918149478146e-15
                    ],
                    [
                        1.8518171590914005e-16,
                        27.139481971047125,
                        -2.232241979112244e-14
                    ],
                    [
                        2.393918149478146e-15,
                        -2.232241979112244e-14,
                        27.139481971047125
                    ]
                ]
            ]
        },
        "stress": {
            "@module": "numpy",
            "@class": "array",
            "dtype": "float64",
            "data": [
                [
                    [
                        2023.9268,
                        -6.7238493e-14,
                        -6.571843e-14
                    ],
                    [
                        -6.7238493e-14,
                        2023.9268,
                        -5.6921475e-14
                    ],
                    [
                        -6.571843e-14,
                        -5.6921475e-14,
                        2023.9268
                    ]
                ],
                [
                    [
                        2023.9268,
                        1.3809925999999999e-14,
                        1.7852643999999998e-13
                    ],
                    [
                        1.3809925999999999e-14,
                        2023.9268,
                        -1.6646944e-12
                    ],
                    [
                        1.7852643999999998e-13,
                        -1.6646944e-12,
                        2023.9268
                    ]
                ]
            ]
        }
    }
}