{
    "@module": "dpdata.system",
    "@class": "LabeledSystem",
    "data": {
        "atom_numbs": [
            2
        ],
        "atom_names": [
            "Mo"
        ],
        "atom_types": {
            "@module": "numpy",
            "@class": "array",
            "dtype": "int64",
            "data": [
                0,
                0
            ]
        },
        "orig": {
            "@module": "numpy",
            "@class": "array",
            "dtype": "int64",
            "data": [
                0,
                0,
                0
            ]
        },
        "cells": {
            "@module": "numpy",
            "@class": "array",
            "dtype": "float64",
            "data": [
                [
                    [
                        2.9828345993,
                        0.0,
                        0.0
                    ],
                    [
                        0.0,
                        2.9828345993,
                        0.0
                    ],
                    [
                        0.0,
                        0.0,
                        2.9828345993
                    ]
                ],
                [
                    [
                        2.9828345993,
                        0.0,
                        0.0
                    ],
                    [
                        0.0,
                        2.9828345993,
                        0.0
                    ],
                    [
                        0.0,
                        0.0,
                        2.9828345993
                    ]
                ]
            ]
        },
        "coords": {
            "@module": "numpy",
            "@class": "array",
            "dtype": "float64",
            "data": [
                [
                    [
                        0.0,
                        0.0,
                        0.0
                    ],
                    [
                        1.49141729965,
                        1.49141729965,
                        1.49141729965
                    ]
                ],
                [
                    [
                        -2.500003162711309e-11,
                        -2.500003162711309e-11,
                        -2.500006145545908e-11
                    ],
                    [
                        1.49141729965,
                        1.49141729965,
                        1.49141729965
                    ]
                ]
            ]
        },
        "energies": {
            "@module": "numpy",
            "@class": "array",
            "dtype": "float64",
            "data": [
                -20.922159,
                -20.922159
            ]
        },
        "forces": {
            "@module": "numpy",
            "@class": "array",
            "dtype": "float64",
            "data": [
                [
                    [
                        -5.49062e-10,
                        -5.49062e-10,
                        -5.49063e-10
                    ],
                    [
                        5.49062e-10,
                        5.49062e-10,
                        5.49063e-10
                    ]
                ],
                [
                    [
                        6.66134e-16,
                        -3.99854e-16,
                        5.92801e-16
                    ],
                    [
                        -1.94289e-16,
                        2.97275e-16,
                        -5.86238e-16
                    ]
                ]
            ]
        },
        "virials": {
            "@module": "numpy",
            "@class": "array",
            "dtype": "float64",
            "data": [
                [
                    [
                        11.365800347180087,
                        6.093080199626546e-16,
                        -6.333366488799751e-16
                    ],
                    [
                        6.093080199626546e-16,
                        11.365800347180087,
                        -3.563772216772449e-16
                    ],
                    [
                        -6.333366488799751e-16,
                        -3.563772216772449e-16,
                        11.365800347180087
                    ]
                ],
                [
                    [
                        11.365800347180087,
                        4.024287063379265e-16,
                        3.505767474230659e-16
                    ],
                    [
                        4.024287063379265e-16,
                        11.365800347180087,
                        -3.4911307913612513e-17
                    ],
                    [
                        3.505767474230659e-16,
                        -3.4911307913612513e-17,
                        11.365800347180087
                    ]
                ]
            ]
        },
        "stress": {
            "@module": "numpy",
            "@class": "array",
            "dtype": "float64",
            "data": [
                [
                    [
                        686.15605,
                        3.6784068999999995e-14,
                        -3.8234683e-14
                    ],
                    [
                        3.6784068999999995e-14,
                        686.15605,
                        -2.1514577e-14
                    ],
                    [
                        -3.8234683e-14,
                        -2.1514577e-14,
                        686.15605
                    ]
                ],
                [
                    [
                        686.15605,
                        2.4294716e-14,
                        2.1164400999999998e-14
                    ],
                    [
                        2.4294716e-14,
                        686.15605,
                        -2.1076039e-15
                    ],
                    [
                        2.1164400999999998e-14,
                        -2.1076039e-15,
                        686.15605
                    ]
                ]
            ]
        }
    }
}