{
    "@module": "dpdata.system",
    "@class": "LabeledSystem",
    "data": {
        "atom_numbs": [
            2
        ],
        "atom_names": [
            "Mo"
        ],
        "atom_types": {
            "@module": "numpy",
            "@class": "array",
            "dtype": "int64",
            "data": [
                0,
                0
            ]
        },
        "orig": {
            "@module": "numpy",
            "@class": "array",
            "dtype": "int64",
            "data": [
                0,
                0,
                0
            ]
        },
        "cells": {
            "@module": "numpy",
            "@class": "array",
            "dtype": "float64",
            "data": [
                [
                    [
                        2.897563652,
                        0.0,
                        0.0
                    ],
                    [
                        0.0,
                        2.897563652,
                        0.0
                    ],
                    [
                        0.0,
                        0.0,
                        2.897563652
                    ]
                ],
                [
                    [
                        2.897563652,
                        0.0,
                        0.0
                    ],
                    [
                        0.0,
                        2.897563652,
                        0.0
                    ],
                    [
                        0.0,
                        0.0,
                        2.897563652
                    ]
                ]
            ]
        },
        "coords": {
            "@module": "numpy",
            "@class": "array",
            "dtype": "float64",
            "data": [
                [
                    [
                        0.0,
                        0.0,
                        0.0
                    ],
                    [
                        1.448781826,
                        1.448781826,
                        1.448781826
                    ]
                ],
                [
                    [
                        0.0,
                        0.0,
                        0.0
                    ],
                    [
                        1.448781826,
                        1.448781826,
                        1.448781826
                    ]
                ]
            ]
        },
        "energies": {
            "@module": "numpy",
            "@class": "array",
            "dtype": "float64",
            "data": [
                -19.585864,
                -19.585864
            ]
        },
        "forces": {
            "@module": "numpy",
            "@class": "array",
            "dtype": "float64",
            "data": [
                [
                    [
                        -4.44089e-16,
                        -6.52256e-16,
                        -1.03924e-15
                    ],
                    [
                        2.22045e-16,
                        6.17778e-16,
                        6.174e-16
                    ]
                ],
                [
                    [
                        -4.44089e-16,
                        -6.52256e-16,
                        -1.03924e-15
                    ],
                    [
                        2.22045e-16,
                        6.17778e-16,
                        6.174e-16
                    ]
                ]
            ]
        },
        "virials": {
            "@module": "numpy",
            "@class": "array",
            "dtype": "float64",
            "data": [
                [
                    [
                        23.40474987592043,
                        3.32416364842311e-16,
                        1.010476343892598e-16
                    ],
                    [
                        3.32416364842311e-16,
                        23.40474987592043,
                        1.0278235815652156e-15
                    ],
                    [
                        1.010476343892598e-16,
                        1.0278235815652156e-15,
                        23.40474987592043
                    ]
                ],
                [
                    [
                        23.40474987592043,
                        3.32416364842311e-16,
                        1.010476343892598e-16
                    ],
                    [
                        3.32416364842311e-16,
                        23.40474987592043,
                        1.0278235815652156e-15
                    ],
                    [
                        1.010476343892598e-16,
                        1.0278235815652156e-15,
                        23.40474987592043
                    ]
                ]
            ]
        },
        "stress": {
            "@module": "numpy",
            "@class": "array",
            "dtype": "float64",
            "data": [
                [
                    [
                        1541.4003,
                        2.1892423e-14,
                        6.6548395e-15
                    ],
                    [
                        2.1892423e-14,
                        1541.4003,
                        6.7690857e-14
                    ],
                    [
                        6.6548395e-15,
                        6.7690857e-14,
                        1541.4003
                    ]
                ],
                [
                    [
                        1541.4003,
                        2.1892423e-14,
                        6.6548395e-15
                    ],
                    [
                        2.1892423e-14,
                        1541.4003,
                        6.7690857e-14
                    ],
                    [
                        6.6548395e-15,
                        6.7690857e-14,
                        1541.4003
                    ]
                ]
            ]
        }
    }
}