{
    "@module": "dpdata.system",
    "@class": "LabeledSystem",
    "data": {
        "atom_numbs": [
            2
        ],
        "atom_names": [
            "Mo"
        ],
        "atom_types": {
            "@module": "numpy",
            "@class": "array",
            "dtype": "int64",
            "data": [
                0,
                0
            ]
        },
        "orig": {
            "@module": "numpy",
            "@class": "array",
            "dtype": "int64",
            "data": [
                0,
                0,
                0
            ]
        },
        "cells": {
            "@module": "numpy",
            "@class": "array",
            "dtype": "float64",
            "data": [
                [
                    [
                        3.5281010063,
                        0.0,
                        0.0
                    ],
                    [
                        0.0,
                        3.5281010063,
                        0.0
                    ],
                    [
                        0.0,
                        0.0,
                        3.5281010063
                    ]
                ],
                [
                    [
                        3.5281010063,
                        0.0,
                        0.0
                    ],
                    [
                        0.0,
                        3.5281010063,
                        0.0
                    ],
                    [
                        0.0,
                        0.0,
                        3.5281010063
                    ]
                ]
            ]
        },
        "coords": {
            "@module": "numpy",
            "@class": "array",
            "dtype": "float64",
            "data": [
                [
                    [
                        0.0,
                        0.0,
                        0.0
                    ],
                    [
                        1.76405050315,
                        1.76405050315,
                        1.76405050315
                    ]
                ],
                [
                    [
                        2.500001788761161e-11,
                        2.4999947325591485e-11,
                        2.4999947325591485e-11
                    ],
                    [
                        1.76405050315,
                        1.76405050315,
                        1.76405050315
                    ]
                ]
            ]
        },
        "energies": {
            "@module": "numpy",
            "@class": "array",
            "dtype": "float64",
            "data": [
                -19.580262,
                -19.580262
            ]
        },
        "forces": {
            "@module": "numpy",
            "@class": "array",
            "dtype": "float64",
            "data": [
                [
                    [
                        5.04241e-11,
                        5.0424e-11,
                        5.04239e-11
                    ],
                    [
                        -5.04237e-11,
                        -5.04233e-11,
                        -5.04239e-11
                    ]
                ],
                [
                    [
                        -2.22045e-16,
                        1.45023e-15,
                        1.43657e-16
                    ],
                    [
                        4.996e-16,
                        -1.00267e-15,
                        -1.2612e-16
                    ]
                ]
            ]
        },
        "virials": {
            "@module": "numpy",
            "@class": "array",
            "dtype": "float64",
            "data": [
                [
                    [
                        -13.617570417041259,
                        4.137315088527363e-16,
                        -4.7357946554938e-16
                    ],
                    [
                        4.137315088527363e-16,
                        -13.617570417041259,
                        -1.3183897309837055e-16
                    ],
                    [
                        -4.7357946554938e-16,
                        -1.3183897309837055e-16,
                        -13.617570417041259
                    ]
                ],
                [
                    [
                        -13.617570417041259,
                        -1.0408340140141095e-16,
                        2.914335151526779e-16
                    ],
                    [
                        -1.0408340140141095e-16,
                        -13.617570417041259,
                        5.898059293968969e-16
                    ],
                    [
                        2.914335151526779e-16,
                        5.898059293968969e-16,
                        -13.617570417041259
                    ]
                ]
            ]
        },
        "stress": {
            "@module": "numpy",
            "@class": "array",
            "dtype": "float64",
            "data": [
                [
                    [
                        -496.80618,
                        1.5094055999999997e-14,
                        -1.7277473e-14
                    ],
                    [
                        1.5094055999999997e-14,
                        -496.80618,
                        -4.809846e-15
                    ],
                    [
                        -1.7277473e-14,
                        -4.809846e-15,
                        -496.80618
                    ]
                ],
                [
                    [
                        -496.80618,
                        -3.7972469e-15,
                        1.0632291e-14
                    ],
                    [
                        -3.7972469e-15,
                        -496.80618,
                        2.1517732e-14
                    ],
                    [
                        1.0632291e-14,
                        2.1517732e-14,
                        -496.80618
                    ]
                ]
            ]
        }
    }
}