{
    "@module": "dpdata.system",
    "@class": "LabeledSystem",
    "data": {
        "atom_numbs": [
            2
        ],
        "atom_names": [
            "Mo"
        ],
        "atom_types": {
            "@module": "numpy",
            "@class": "array",
            "dtype": "int64",
            "data": [
                0,
                0
            ]
        },
        "orig": {
            "@module": "numpy",
            "@class": "array",
            "dtype": "int64",
            "data": [
                0,
                0,
                0
            ]
        },
        "cells": {
            "@module": "numpy",
            "@class": "array",
            "dtype": "float64",
            "data": [
                [
                    [
                        3.1186010518,
                        0.0,
                        0.0
                    ],
                    [
                        0.0,
                        3.1186010518,
                        0.0
                    ],
                    [
                        0.0,
                        0.0,
                        3.1186010518
                    ]
                ],
                [
                    [
                        3.1186010518,
                        0.0,
                        0.0
                    ],
                    [
                        0.0,
                        3.1186010518,
                        0.0
                    ],
                    [
                        0.0,
                        0.0,
                        3.1186010518
                    ]
                ]
            ]
        },
        "coords": {
            "@module": "numpy",
            "@class": "array",
            "dtype": "float64",
            "data": [
                [
                    [
                        0.0,
                        0.0,
                        0.0
                    ],
                    [
                        1.5593005259,
                        1.5593005259,
                        1.5593005259
                    ]
                ],
                [
                    [
                        0.0,
                        0.0,
                        0.0
                    ],
                    [
                        1.5593005259,
                        1.5593005259,
                        1.5593005259
                    ]
                ]
            ]
        },
        "energies": {
            "@module": "numpy",
            "@class": "array",
            "dtype": "float64",
            "data": [
                -21.783722,
                -21.783722
            ]
        },
        "forces": {
            "@module": "numpy",
            "@class": "array",
            "dtype": "float64",
            "data": [
                [
                    [
                        4.996e-16,
                        3.27863e-16,
                        2.83193e-16
                    ],
                    [
                        -2.77556e-16,
                        -4.4062e-16,
                        -1.36119e-16
                    ]
                ],
                [
                    [
                        4.996e-16,
                        3.27863e-16,
                        2.83193e-16
                    ],
                    [
                        -2.77556e-16,
                        -4.4062e-16,
                        -1.36119e-16
                    ]
                ]
            ]
        },
        "virials": {
            "@module": "numpy",
            "@class": "array",
            "dtype": "float64",
            "data": [
                [
                    [
                        2.3387829700480722,
                        6.84131525868955e-17,
                        -1.68268164291054e-16
                    ],
                    [
                        6.84131525868955e-17,
                        2.3387829700480722,
                        -1.3704314428897928e-16
                    ],
                    [
                        -1.68268164291054e-16,
                        -1.3704314428897928e-16,
                        2.3387829700480722
                    ]
                ],
                [
                    [
                        2.3387829700480722,
                        6.147425925310112e-17,
                        -1.68268164291054e-16
                    ],
                    [
                        6.147425925310112e-17,
                        2.3387829700480722,
                        -1.3704314428897928e-16
                    ],
                    [
                        -1.68268164291054e-16,
                        -1.3704314428897928e-16,
                        2.3387829700480722
                    ]
                ]
            ]
        },
        "stress": {
            "@module": "numpy",
            "@class": "array",
            "dtype": "float64",
            "data": [
                [
                    [
                        123.54377000000001,
                        3.6138534e-15,
                        -8.8885902e-15
                    ],
                    [
                        3.6138534e-15,
                        123.54377000000001,
                        -7.2391611e-15
                    ],
                    [
                        -8.8885902e-15,
                        -7.2391611e-15,
                        123.54377000000001
                    ]
                ],
                [
                    [
                        123.54377000000001,
                        3.2473136e-15,
                        -8.8885902e-15
                    ],
                    [
                        3.2473136e-15,
                        123.54377000000001,
                        -7.2391611e-15
                    ],
                    [
                        -8.8885902e-15,
                        -7.2391611e-15,
                        123.54377000000001
                    ]
                ]
            ]
        }
    }
}