{
    "@module": "dpdata.system",
    "@class": "LabeledSystem",
    "data": {
        "atom_numbs": [
            2
        ],
        "atom_names": [
            "Mo"
        ],
        "atom_types": {
            "@module": "numpy",
            "@class": "array",
            "dtype": "int64",
            "data": [
                0,
                0
            ]
        },
        "orig": {
            "@module": "numpy",
            "@class": "array",
            "dtype": "int64",
            "data": [
                0,
                0,
                0
            ]
        },
        "cells": {
            "@module": "numpy",
            "@class": "array",
            "dtype": "float64",
            "data": [
                [
                    [
                        3.0634905203,
                        0.0,
                        0.0
                    ],
                    [
                        0.0,
                        3.0634905203,
                        0.0
                    ],
                    [
                        0.0,
                        0.0,
                        3.0634905203
                    ]
                ],
                [
                    [
                        3.0634905203,
                        0.0,
                        0.0
                    ],
                    [
                        0.0,
                        3.0634905203,
                        0.0
                    ],
                    [
                        0.0,
                        0.0,
                        3.0634905203
                    ]
                ]
            ]
        },
        "coords": {
            "@module": "numpy",
            "@class": "array",
            "dtype": "float64",
            "data": [
                [
                    [
                        0.0,
                        0.0,
                        0.0
                    ],
                    [
                        1.53174526015,
                        1.53174526015,
                        1.53174526015
                    ]
                ],
                [
                    [
                        -2.5000043279580992e-11,
                        -2.5000012644675784e-11,
                        -2.5000104549391397e-11
                    ],
                    [
                        1.53174526015,
                        1.53174526015,
                        1.53174526015
                    ]
                ]
            ]
        },
        "energies": {
            "@module": "numpy",
            "@class": "array",
            "dtype": "float64",
            "data": [
                -21.577475,
                -21.577475
            ]
        },
        "forces": {
            "@module": "numpy",
            "@class": "array",
            "dtype": "float64",
            "data": [
                [
                    [
                        -4.47068e-10,
                        -4.47067e-10,
                        -4.47069e-10
                    ],
                    [
                        4.47067e-10,
                        4.47068e-10,
                        4.47069e-10
                    ]
                ],
                [
                    [
                        7.77156e-16,
                        7.58942e-16,
                        3.41954e-16
                    ],
                    [
                        -6.93889e-16,
                        -5.12611e-16,
                        -2.92096e-16
                    ]
                ]
            ]
        },
        "virials": {
            "@module": "numpy",
            "@class": "array",
            "dtype": "float64",
            "data": [
                [
                    [
                        5.4248041008401024,
                        -2.916937257752773e-15,
                        -1.5230871010081664e-15
                    ],
                    [
                        -2.916937257752773e-15,
                        5.4248041008401024,
                        -1.276756385968514e-15
                    ],
                    [
                        -1.5230871010081664e-15,
                        -1.276756385968514e-15,
                        5.4248041008401024
                    ]
                ],
                [
                    [
                        5.4248041008401024,
                        8.066463612743348e-17,
                        -2.8969879955799815e-16
                    ],
                    [
                        8.066463612743348e-17,
                        5.4248041008401024,
                        6.245004098862478e-17
                    ],
                    [
                        -2.8969879955799815e-16,
                        6.245004098862478e-17,
                        5.4248041008401024
                    ]
                ]
            ]
        },
        "stress": {
            "@module": "numpy",
            "@class": "array",
            "dtype": "float64",
            "data": [
                [
                    [
                        302.30465000000004,
                        -1.6255033e-13,
                        -8.4876118e-14
                    ],
                    [
                        -1.6255033e-13,
                        302.30465000000004,
                        -7.1149001e-14
                    ],
                    [
                        -8.4876118e-14,
                        -7.1149001e-14,
                        302.30465000000004
                    ]
                ],
                [
                    [
                        302.30465000000004,
                        4.4951475e-15,
                        -1.6143863e-14
                    ],
                    [
                        4.4951475e-15,
                        302.30465000000004,
                        3.4801141999999997e-15
                    ],
                    [
                        -1.6143863e-14,
                        3.4801141999999997e-15,
                        302.30465000000004
                    ]
                ]
            ]
        }
    }
}