{
    "@module": "dpdata.system",
    "@class": "LabeledSystem",
    "data": {
        "atom_numbs": [
            2
        ],
        "atom_names": [
            "Mo"
        ],
        "atom_types": {
            "@module": "numpy",
            "@class": "array",
            "dtype": "int64",
            "data": [
                0,
                0
            ]
        },
        "orig": {
            "@module": "numpy",
            "@class": "array",
            "dtype": "int64",
            "data": [
                0,
                0,
                0
            ]
        },
        "cells": {
            "@module": "numpy",
            "@class": "array",
            "dtype": "float64",
            "data": [
                [
                    [
                        3.1822634734,
                        0.0,
                        0.0
                    ],
                    [
                        0.0,
                        3.1822634734,
                        0.0
                    ],
                    [
                        0.0,
                        0.0,
                        3.1822634734
                    ]
                ],
                [
                    [
                        3.1822634734,
                        0.0,
                        0.0
                    ],
                    [
                        0.0,
                        3.1822634734,
                        0.0
                    ],
                    [
                        0.0,
                        0.0,
                        3.1822634734
                    ]
                ]
            ]
        },
        "coords": {
            "@module": "numpy",
            "@class": "array",
            "dtype": "float64",
            "data": [
                [
                    [
                        0.0,
                        0.0,
                        0.0
                    ],
                    [
                        1.5911317367,
                        1.5911317367,
                        1.5911317367
                    ]
                ],
                [
                    [
                        -3.342935956171966e-16,
                        -3.57384099380187e-16,
                        -3.750202035497698e-16
                    ],
                    [
                        1.5911317367,
                        1.5911317367,
                        1.5911317367
                    ]
                ]
            ]
        },
        "energies": {
            "@module": "numpy",
            "@class": "array",
            "dtype": "float64",
            "data": [
                -21.820946,
                -21.820946
            ]
        },
        "forces": {
            "@module": "numpy",
            "@class": "array",
            "dtype": "float64",
            "data": [
                [
                    [
                        -4.10783e-15,
                        -4.39153e-15,
                        -4.60826e-15
                    ],
                    [
                        3.9968e-15,
                        4.31995e-15,
                        4.6268e-15
                    ]
                ],
                [
                    [
                        5.55112e-17,
                        4.09641e-15,
                        3.86676e-15
                    ],
                    [
                        5.55112e-17,
                        -4.1416e-15,
                        -3.97989e-15
                    ]
                ]
            ]
        },
        "virials": {
            "@module": "numpy",
            "@class": "array",
            "dtype": "float64",
            "data": [
                [
                    [
                        -0.9991944754101418,
                        -5.451368067846532e-16,
                        -4.742299991725407e-16
                    ],
                    [
                        -5.451368067846532e-16,
                        -0.9991944754101418,
                        -5.065392258699351e-16
                    ],
                    [
                        -4.742299991725407e-16,
                        -5.065392258699351e-16,
                        -0.9991944754101418
                    ]
                ],
                [
                    [
                        -0.9991944754101418,
                        -9.903101908340558e-16,
                        -8.723490001457708e-16
                    ],
                    [
                        -9.903101908340558e-16,
                        -0.9991944754101418,
                        2.5806177870108054e-15
                    ],
                    [
                        -8.723490001457708e-16,
                        2.5806177870108054e-15,
                        -0.9991944754101418
                    ]
                ]
            ]
        },
        "stress": {
            "@module": "numpy",
            "@class": "array",
            "dtype": "float64",
            "data": [
                [
                    [
                        -49.676617,
                        -2.7102384e-14,
                        -2.3577134e-14
                    ],
                    [
                        -2.7102384e-14,
                        -49.676617,
                        -2.5183441e-14
                    ],
                    [
                        -2.3577134e-14,
                        -2.5183441e-14,
                        -49.676617
                    ]
                ],
                [
                    [
                        -49.676617,
                        -4.923492e-14,
                        -4.3370283e-14
                    ],
                    [
                        -4.923492e-14,
                        -49.676617,
                        1.2829971e-13
                    ],
                    [
                        -4.3370283e-14,
                        1.2829971e-13,
                        -49.676617
                    ]
                ]
            ]
        }
    }
}