{
    "@module": "dpdata.system",
    "@class": "LabeledSystem",
    "data": {
        "atom_numbs": [
            2
        ],
        "atom_names": [
            "Mo"
        ],
        "atom_types": {
            "@module": "numpy",
            "@class": "array",
            "dtype": "int64",
            "data": [
                0,
                0
            ]
        },
        "orig": {
            "@module": "numpy",
            "@class": "array",
            "dtype": "int64",
            "data": [
                0,
                0,
                0
            ]
        },
        "cells": {
            "@module": "numpy",
            "@class": "array",
            "dtype": "float64",
            "data": [
                [
                    [
                        2.8722561266,
                        0.0,
                        0.0
                    ],
                    [
                        0.0,
                        2.8722561266,
                        0.0
                    ],
                    [
                        0.0,
                        0.0,
                        2.8722561266
                    ]
                ],
                [
                    [
                        2.8722561266,
                        0.0,
                        0.0
                    ],
                    [
                        0.0,
                        2.8722561266,
                        0.0
                    ],
                    [
                        0.0,
                        0.0,
                        2.8722561266
                    ]
                ]
            ]
        },
        "coords": {
            "@module": "numpy",
            "@class": "array",
            "dtype": "float64",
            "data": [
                [
                    [
                        0.0,
                        0.0,
                        0.0
                    ],
                    [
                        1.4361280633,
                        1.4361280633,
                        1.4361280633
                    ]
                ],
                [
                    [
                        0.0,
                        0.0,
                        0.0
                    ],
                    [
                        1.4361280633,
                        1.4361280633,
                        1.4361280633
                    ]
                ]
            ]
        },
        "energies": {
            "@module": "numpy",
            "@class": "array",
            "dtype": "float64",
            "data": [
                -18.872636,
                -18.872636
            ]
        },
        "forces": {
            "@module": "numpy",
            "@class": "array",
            "dtype": "float64",
            "data": [
                [
                    [
                        4.44089e-16,
                        1.04086e-17,
                        -3.5562e-16
                    ],
                    [
                        -2.22045e-16,
                        -1.59812e-16,
                        4.23599e-16
                    ]
                ],
                [
                    [
                        4.44089e-16,
                        1.04086e-17,
                        -3.5562e-16
                    ],
                    [
                        -2.22045e-16,
                        -1.59812e-16,
                        4.23599e-16
                    ]
                ]
            ]
        },
        "virials": {
            "@module": "numpy",
            "@class": "array",
            "dtype": "float64",
            "data": [
                [
                    [
                        31.275496506871526,
                        6.960577475806581e-17,
                        -5.2041700297563414e-18
                    ],
                    [
                        6.960577475806581e-17,
                        31.275496506871526,
                        -2.04523887301447e-15
                    ],
                    [
                        -5.2041700297563414e-18,
                        -2.04523887301447e-15,
                        31.275496506871526
                    ]
                ],
                [
                    [
                        31.275496506871526,
                        6.960577475806581e-17,
                        -5.2041700297563414e-18
                    ],
                    [
                        6.960577475806581e-17,
                        31.275496506871526,
                        -2.04523887301447e-15
                    ],
                    [
                        -5.2041700297563414e-18,
                        -2.04523887301447e-15,
                        31.275496506871526
                    ]
                ]
            ]
        },
        "stress": {
            "@module": "numpy",
            "@class": "array",
            "dtype": "float64",
            "data": [
                [
                    [
                        2114.6822,
                        4.7063711e-15,
                        -3.5187821000000004e-16
                    ],
                    [
                        4.7063711e-15,
                        2114.6822,
                        -1.3828814000000002e-13
                    ],
                    [
                        -3.5187821000000004e-16,
                        -1.3828814000000002e-13,
                        2114.6822
                    ]
                ],
                [
                    [
                        2114.6822,
                        4.7063711e-15,
                        -3.5187821000000004e-16
                    ],
                    [
                        4.7063711e-15,
                        2114.6822,
                        -1.3828814000000002e-13
                    ],
                    [
                        -3.5187821000000004e-16,
                        -1.3828814000000002e-13,
                        2114.6822
                    ]
                ]
            ]
        }
    }
}