{
    "@module": "dpdata.system",
    "@class": "LabeledSystem",
    "data": {
        "atom_numbs": [
            2
        ],
        "atom_names": [
            "Mo"
        ],
        "atom_types": {
            "@module": "numpy",
            "@class": "array",
            "dtype": "int64",
            "data": [
                0,
                0
            ]
        },
        "orig": {
            "@module": "numpy",
            "@class": "array",
            "dtype": "int64",
            "data": [
                0,
                0,
                0
            ]
        },
        "cells": {
            "@module": "numpy",
            "@class": "array",
            "dtype": "float64",
            "data": [
                [
                    [
                        3.3594111451,
                        0.0,
                        0.0
                    ],
                    [
                        0.0,
                        3.3594111451,
                        0.0
                    ],
                    [
                        0.0,
                        0.0,
                        3.3594111451
                    ]
                ],
                [
                    [
                        3.3594111451,
                        0.0,
                        0.0
                    ],
                    [
                        0.0,
                        3.3594111451,
                        0.0
                    ],
                    [
                        0.0,
                        0.0,
                        3.3594111451
                    ]
                ]
            ]
        },
        "coords": {
            "@module": "numpy",
            "@class": "array",
            "dtype": "float64",
            "data": [
                [
                    [
                        0.0,
                        0.0,
                        0.0
                    ],
                    [
                        1.67970557255,
                        1.67970557255,
                        1.67970557255
                    ]
                ],
                [
                    [
                        2.5000200236050984e-11,
                        2.5000166641939537e-11,
                        2.5000099453716634e-11
                    ],
                    [
                        1.67970557255,
                        1.67970557255,
                        1.67970557255
                    ]
                ]
            ]
        },
        "energies": {
            "@module": "numpy",
            "@class": "array",
            "dtype": "float64",
            "data": [
                -21.098436,
                -21.098436
            ]
        },
        "forces": {
            "@module": "numpy",
            "@class": "array",
            "dtype": "float64",
            "data": [
                [
                    [
                        6.9828e-11,
                        6.9828e-11,
                        6.98278e-11
                    ],
                    [
                        -6.98275e-11,
                        -6.98273e-11,
                        -6.98276e-11
                    ]
                ],
                [
                    [
                        -4.44089e-16,
                        -2.19876e-16,
                        -1.74597e-16
                    ],
                    [
                        2.77556e-16,
                        -4.81521e-17,
                        3.91844e-16
                    ]
                ]
            ]
        },
        "virials": {
            "@module": "numpy",
            "@class": "array",
            "dtype": "float64",
            "data": [
                [
                    [
                        -7.646950386113189,
                        1.067600240956803e-15,
                        5.713744902211725e-16
                    ],
                    [
                        1.067600240956803e-15,
                        -7.646950386113189,
                        2.8492832098577733e-16
                    ],
                    [
                        5.713744902211725e-16,
                        2.8492832098577733e-16,
                        -7.646950386113189
                    ]
                ],
                [
                    [
                        -7.646950386113189,
                        -4.3042823713666605e-16,
                        -1.4951146723123755e-16
                    ],
                    [
                        -4.3042823713666605e-16,
                        -7.646950386113189,
                        -1.9938476424732245e-16
                    ],
                    [
                        -1.4951146723123755e-16,
                        -1.9938476424732245e-16,
                        -7.646950386113189
                    ]
                ]
            ]
        },
        "stress": {
            "@module": "numpy",
            "@class": "array",
            "dtype": "float64",
            "data": [
                [
                    [
                        -323.15373999999997,
                        4.5115894999999995e-14,
                        2.4145809e-14
                    ],
                    [
                        4.5115894999999995e-14,
                        -323.15373999999997,
                        1.2040833e-14
                    ],
                    [
                        2.4145809e-14,
                        1.2040833e-14,
                        -323.15373999999997
                    ]
                ],
                [
                    [
                        -323.15373999999997,
                        -1.8189537999999997e-14,
                        -6.318229799999999e-15
                    ],
                    [
                        -1.8189537999999997e-14,
                        -323.15373999999997,
                        -8.425833700000001e-15
                    ],
                    [
                        -6.318229799999999e-15,
                        -8.425833700000001e-15,
                        -323.15373999999997
                    ]
                ]
            ]
        }
    }
}