{
    "@module": "dpdata.system",
    "@class": "LabeledSystem",
    "data": {
        "atom_numbs": [
            2
        ],
        "atom_names": [
            "Mo"
        ],
        "atom_types": {
            "@module": "numpy",
            "@class": "array",
            "dtype": "int64",
            "data": [
                0,
                0
            ]
        },
        "orig": {
            "@module": "numpy",
            "@class": "array",
            "dtype": "int64",
            "data": [
                0,
                0,
                0
            ]
        },
        "cells": {
            "@module": "numpy",
            "@class": "array",
            "dtype": "float64",
            "data": [
                [
                    [
                        2.7243489561,
                        0.0,
                        0.0
                    ],
                    [
                        0.0,
                        2.7243489561,
                        0.0
                    ],
                    [
                        0.0,
                        0.0,
                        2.7243489561
                    ]
                ],
                [
                    [
                        2.7243489561,
                        0.0,
                        0.0
                    ],
                    [
                        0.0,
                        2.7243489561,
                        0.0
                    ],
                    [
                        0.0,
                        0.0,
                        2.7243489561
                    ]
                ]
            ]
        },
        "coords": {
            "@module": "numpy",
            "@class": "array",
            "dtype": "float64",
            "data": [
                [
                    [
                        0.0,
                        0.0,
                        0.0
                    ],
                    [
                        1.36217447805,
                        1.36217447805,
                        1.36217447805
                    ]
                ],
                [
                    [
                        0.0,
                        0.0,
                        0.0
                    ],
                    [
                        1.36217447805,
                        1.36217447805,
                        1.36217447805
                    ]
                ]
            ]
        },
        "energies": {
            "@module": "numpy",
            "@class": "array",
            "dtype": "float64",
            "data": [
                -12.924004,
                -12.924004
            ]
        },
        "forces": {
            "@module": "numpy",
            "@class": "array",
            "dtype": "float64",
            "data": [
                [
                    [
                        -1.56172e-09,
                        -1.56172e-09,
                        -1.56171e-09
                    ],
                    [
                        1.56172e-09,
                        1.56172e-09,
                        1.56171e-09
                    ]
                ],
                [
                    [
                        -1.56172e-09,
                        -1.56172e-09,
                        -1.56171e-09
                    ],
                    [
                        1.56172e-09,
                        1.56172e-09,
                        1.56171e-09
                    ]
                ]
            ]
        },
        "virials": {
            "@module": "numpy",
            "@class": "array",
            "dtype": "float64",
            "data": [
                [
                    [
                        22.078214936253747,
                        -8.3140885679908e-15,
                        -8.283751196380891e-15
                    ],
                    [
                        -8.3140885679908e-15,
                        22.078214936253747,
                        -6.671325845897121e-15
                    ],
                    [
                        -8.283751196380891e-15,
                        -6.671325845897121e-15,
                        22.078214936253747
                    ]
                ],
                [
                    [
                        22.078214936253747,
                        -8.3140885679908e-15,
                        -8.283751196380891e-15
                    ],
                    [
                        -8.3140885679908e-15,
                        22.078214936253747,
                        -6.671325845897121e-15
                    ],
                    [
                        -8.283751196380891e-15,
                        -6.671325845897121e-15,
                        22.078214936253747
                    ]
                ]
            ]
        },
        "stress": {
            "@module": "numpy",
            "@class": "array",
            "dtype": "float64",
            "data": [
                [
                    [
                        1749.388,
                        -6.5877458e-13,
                        -6.5637077e-13
                    ],
                    [
                        -6.5877458e-13,
                        1749.388,
                        -5.2860874e-13
                    ],
                    [
                        -6.5637077e-13,
                        -5.2860874e-13,
                        1749.388
                    ]
                ],
                [
                    [
                        1749.388,
                        -6.5877458e-13,
                        -6.5637077e-13
                    ],
                    [
                        -6.5877458e-13,
                        1749.388,
                        -5.2860874e-13
                    ],
                    [
                        -6.5637077e-13,
                        -5.2860874e-13,
                        1749.388
                    ]
                ]
            ]
        }
    }
}