{
    "@module": "dpdata.system",
    "@class": "LabeledSystem",
    "data": {
        "atom_numbs": [
            2
        ],
        "atom_names": [
            "Mo"
        ],
        "atom_types": {
            "@module": "numpy",
            "@class": "array",
            "dtype": "int64",
            "data": [
                0,
                0
            ]
        },
        "orig": {
            "@module": "numpy",
            "@class": "array",
            "dtype": "int64",
            "data": [
                0,
                0,
                0
            ]
        },
        "cells": {
            "@module": "numpy",
            "@class": "array",
            "dtype": "float64",
            "data": [
                [
                    [
                        2.7662685819,
                        0.0,
                        0.0
                    ],
                    [
                        0.0,
                        2.7662685819,
                        0.0
                    ],
                    [
                        0.0,
                        0.0,
                        2.7662685819
                    ]
                ],
                [
                    [
                        2.7662685819,
                        0.0,
                        0.0
                    ],
                    [
                        0.0,
                        2.7662685819,
                        0.0
                    ],
                    [
                        0.0,
                        0.0,
                        2.7662685819
                    ]
                ]
            ]
        },
        "coords": {
            "@module": "numpy",
            "@class": "array",
            "dtype": "float64",
            "data": [
                [
                    [
                        0.0,
                        0.0,
                        0.0
                    ],
                    [
                        1.38313429095,
                        1.38313429095,
                        1.38313429095
                    ]
                ],
                [
                    [
                        0.0,
                        0.0,
                        0.0
                    ],
                    [
                        1.38313429095,
                        1.38313429095,
                        1.38313429095
                    ]
                ]
            ]
        },
        "energies": {
            "@module": "numpy",
            "@class": "array",
            "dtype": "float64",
            "data": [
                -13.796338,
                -13.796338
            ]
        },
        "forces": {
            "@module": "numpy",
            "@class": "array",
            "dtype": "float64",
            "data": [
                [
                    [
                        -2.3162e-09,
                        -2.3162e-09,
                        -2.31621e-09
                    ],
                    [
                        2.3162e-09,
                        2.3162e-09,
                        2.31621e-09
                    ]
                ],
                [
                    [
                        -2.3162e-09,
                        -2.3162e-09,
                        -2.31621e-09
                    ],
                    [
                        2.3162e-09,
                        2.3162e-09,
                        2.31621e-09
                    ]
                ]
            ]
        },
        "virials": {
            "@module": "numpy",
            "@class": "array",
            "dtype": "float64",
            "data": [
                [
                    [
                        11.742179590517065,
                        9.693850886855036e-15,
                        9.629882934950433e-15
                    ],
                    [
                        9.693850886855036e-15,
                        11.742179590517065,
                        6.316127642245839e-15
                    ],
                    [
                        9.629882934950433e-15,
                        6.316127642245839e-15,
                        11.742179590517065
                    ]
                ],
                [
                    [
                        11.742179590517065,
                        9.693850886855036e-15,
                        9.629882934950433e-15
                    ],
                    [
                        9.693850886855036e-15,
                        11.742179590517065,
                        6.316127642245839e-15
                    ],
                    [
                        9.629882934950433e-15,
                        6.316127642245839e-15,
                        11.742179590517065
                    ]
                ]
            ]
        },
        "stress": {
            "@module": "numpy",
            "@class": "array",
            "dtype": "float64",
            "data": [
                [
                    [
                        888.74276,
                        7.3370874e-13,
                        7.2886713e-13
                    ],
                    [
                        7.3370874e-13,
                        888.74276,
                        4.7805543e-13
                    ],
                    [
                        7.2886713e-13,
                        4.7805543e-13,
                        888.74276
                    ]
                ],
                [
                    [
                        888.74276,
                        7.3370874e-13,
                        7.2886713e-13
                    ],
                    [
                        7.3370874e-13,
                        888.74276,
                        4.7805543e-13
                    ],
                    [
                        7.2886713e-13,
                        4.7805543e-13,
                        888.74276
                    ]
                ]
            ]
        }
    }
}