{
    "@module": "dpdata.system",
    "@class": "LabeledSystem",
    "data": {
        "atom_numbs": [
            2
        ],
        "atom_names": [
            "Mo"
        ],
        "atom_types": {
            "@module": "numpy",
            "@class": "array",
            "dtype": "int64",
            "data": [
                0,
                0
            ]
        },
        "orig": {
            "@module": "numpy",
            "@class": "array",
            "dtype": "int64",
            "data": [
                0,
                0,
                0
            ]
        },
        "cells": {
            "@module": "numpy",
            "@class": "array",
            "dtype": "float64",
            "data": [
                [
                    [
                        3.485280016,
                        0.0,
                        0.0
                    ],
                    [
                        0.0,
                        3.485280016,
                        0.0
                    ],
                    [
                        0.0,
                        0.0,
                        3.485280016
                    ]
                ],
                [
                    [
                        3.485280016,
                        0.0,
                        0.0
                    ],
                    [
                        0.0,
                        3.485280016,
                        0.0
                    ],
                    [
                        0.0,
                        0.0,
                        3.485280016
                    ]
                ]
            ]
        },
        "coords": {
            "@module": "numpy",
            "@class": "array",
            "dtype": "float64",
            "data": [
                [
                    [
                        0.0,
                        0.0,
                        0.0
                    ],
                    [
                        1.742640008,
                        1.742640008,
                        1.742640008
                    ]
                ],
                [
                    [
                        0.0,
                        0.0,
                        0.0
                    ],
                    [
                        1.742640008,
                        1.742640008,
                        1.742640008
                    ]
                ]
            ]
        },
        "energies": {
            "@module": "numpy",
            "@class": "array",
            "dtype": "float64",
            "data": [
                -20.049638,
                -20.049638
            ]
        },
        "forces": {
            "@module": "numpy",
            "@class": "array",
            "dtype": "float64",
            "data": [
                [
                    [
                        -6.66134e-16,
                        -4.22514e-16,
                        -1.51528e-15
                    ],
                    [
                        7.21645e-16,
                        4.33789e-16,
                        1.6623e-15
                    ]
                ],
                [
                    [
                        -1.11022e-15,
                        -7.75313e-16,
                        -1.90169e-15
                    ],
                    [
                        1.33227e-15,
                        9.74047e-16,
                        1.94121e-15
                    ]
                ]
            ]
        },
        "virials": {
            "@module": "numpy",
            "@class": "array",
            "dtype": "float64",
            "data": [
                [
                    [
                        -11.883519194185217,
                        1.1102229487183473e-15,
                        -1.4571676185413154e-16
                    ],
                    [
                        1.1102229487183473e-15,
                        -11.883519194185217,
                        -9.037908564330724e-16
                    ],
                    [
                        -1.4571676185413154e-16,
                        -9.037908564330724e-16,
                        -11.883519194185217
                    ]
                ],
                [
                    [
                        -11.883519194185217,
                        1.1136923996444568e-15,
                        -9.324137869371026e-16
                    ],
                    [
                        1.1136923996444568e-15,
                        -11.883519194185217,
                        -1.7433969500058658e-15
                    ],
                    [
                        -9.324137869371026e-16,
                        -1.7433969500058658e-15,
                        -11.883519194185217
                    ]
                ]
            ]
        },
        "stress": {
            "@module": "numpy",
            "@class": "array",
            "dtype": "float64",
            "data": [
                [
                    [
                        -449.72024,
                        4.2015309e-14,
                        -5.5145093e-15
                    ],
                    [
                        4.2015309e-14,
                        -449.72024,
                        -3.4203087e-14
                    ],
                    [
                        -5.5145093e-15,
                        -3.4203087e-14,
                        -449.72024
                    ]
                ],
                [
                    [
                        -449.72024,
                        4.2146606999999995e-14,
                        -3.5286294e-14
                    ],
                    [
                        4.2146606999999995e-14,
                        -449.72024,
                        -6.5977164e-14
                    ],
                    [
                        -3.5286294e-14,
                        -6.5977164e-14,
                        -449.72024
                    ]
                ]
            ]
        }
    }
}