{
    "@module": "dpdata.system",
    "@class": "LabeledSystem",
    "data": {
        "atom_numbs": [
            2
        ],
        "atom_names": [
            "Mo"
        ],
        "atom_types": {
            "@module": "numpy",
            "@class": "array",
            "dtype": "int64",
            "data": [
                0,
                0
            ]
        },
        "orig": {
            "@module": "numpy",
            "@class": "array",
            "dtype": "int64",
            "data": [
                0,
                0,
                0
            ]
        },
        "cells": {
            "@module": "numpy",
            "@class": "array",
            "dtype": "float64",
            "data": [
                [
                    [
                        2.7384650058,
                        0.0,
                        0.0
                    ],
                    [
                        0.0,
                        2.7384650058,
                        0.0
                    ],
                    [
                        0.0,
                        0.0,
                        2.7384650058
                    ]
                ],
                [
                    [
                        2.7384650058,
                        0.0,
                        0.0
                    ],
                    [
                        0.0,
                        2.7384650058,
                        0.0
                    ],
                    [
                        0.0,
                        0.0,
                        2.7384650058
                    ]
                ]
            ]
        },
        "coords": {
            "@module": "numpy",
            "@class": "array",
            "dtype": "float64",
            "data": [
                [
                    [
                        0.0,
                        0.0,
                        0.0
                    ],
                    [
                        1.3692325029,
                        1.3692325029,
                        1.3692325029
                    ]
                ],
                [
                    [
                        0.0,
                        0.0,
                        0.0
                    ],
                    [
                        1.3692325029,
                        1.3692325029,
                        1.3692325029
                    ]
                ]
            ]
        },
        "energies": {
            "@module": "numpy",
            "@class": "array",
            "dtype": "float64",
            "data": [
                -13.287237,
                -13.287237
            ]
        },
        "forces": {
            "@module": "numpy",
            "@class": "array",
            "dtype": "float64",
            "data": [
                [
                    [
                        0.0,
                        -8.32667e-17,
                        -1.0405e-15
                    ],
                    [
                        -2.77556e-16,
                        -5.89806e-16,
                        3.35456e-16
                    ]
                ],
                [
                    [
                        0.0,
                        -8.32667e-17,
                        -1.0405e-15
                    ],
                    [
                        -2.77556e-16,
                        -5.89806e-16,
                        3.35456e-16
                    ]
                ]
            ]
        },
        "virials": {
            "@module": "numpy",
            "@class": "array",
            "dtype": "float64",
            "data": [
                [
                    [
                        23.577467417237767,
                        -9.63554118291786e-16,
                        -6.628100122257018e-16
                    ],
                    [
                        -9.63554118291786e-16,
                        23.577467417237767,
                        -1.768696190477887e-15
                    ],
                    [
                        -6.628100122257018e-16,
                        -1.768696190477887e-15,
                        23.577467417237767
                    ]
                ],
                [
                    [
                        23.577467417237767,
                        -9.63554118291786e-16,
                        -6.628100122257018e-16
                    ],
                    [
                        -9.63554118291786e-16,
                        23.577467417237767,
                        -1.768696190477887e-15
                    ],
                    [
                        -6.628100122257018e-16,
                        -1.768696190477887e-15,
                        23.577467417237767
                    ]
                ]
            ]
        },
        "stress": {
            "@module": "numpy",
            "@class": "array",
            "dtype": "float64",
            "data": [
                [
                    [
                        1839.4414,
                        -7.5173525e-14,
                        -5.1710396e-14
                    ],
                    [
                        -7.5173525e-14,
                        1839.4414,
                        -1.3798823e-13
                    ],
                    [
                        -5.1710396e-14,
                        -1.3798823e-13,
                        1839.4414
                    ]
                ],
                [
                    [
                        1839.4414,
                        -7.5173525e-14,
                        -5.1710396e-14
                    ],
                    [
                        -7.5173525e-14,
                        1839.4414,
                        -1.3798823e-13
                    ],
                    [
                        -5.1710396e-14,
                        -1.3798823e-13,
                        1839.4414
                    ]
                ]
            ]
        }
    }
}