{
    "@module": "dpdata.system",
    "@class": "LabeledSystem",
    "data": {
        "atom_numbs": [
            2
        ],
        "atom_names": [
            "Mo"
        ],
        "atom_types": {
            "@module": "numpy",
            "@class": "array",
            "dtype": "int64",
            "data": [
                0,
                0
            ]
        },
        "orig": {
            "@module": "numpy",
            "@class": "array",
            "dtype": "int64",
            "data": [
                0,
                0,
                0
            ]
        },
        "cells": {
            "@module": "numpy",
            "@class": "array",
            "dtype": "float64",
            "data": [
                [
                    [
                        3.5196199616,
                        0.0,
                        0.0
                    ],
                    [
                        0.0,
                        3.5196199616,
                        0.0
                    ],
                    [
                        0.0,
                        0.0,
                        3.5196199616
                    ]
                ],
                [
                    [
                        3.5196199616,
                        0.0,
                        0.0
                    ],
                    [
                        0.0,
                        3.5196199616,
                        0.0
                    ],
                    [
                        0.0,
                        0.0,
                        3.5196199616
                    ]
                ]
            ]
        },
        "coords": {
            "@module": "numpy",
            "@class": "array",
            "dtype": "float64",
            "data": [
                [
                    [
                        0.0,
                        0.0,
                        0.0
                    ],
                    [
                        1.7598099808,
                        1.7598099808,
                        1.7598099808
                    ]
                ],
                [
                    [
                        0.0,
                        0.0,
                        0.0
                    ],
                    [
                        1.7598099808,
                        1.7598099808,
                        1.7598099808
                    ]
                ]
            ]
        },
        "energies": {
            "@module": "numpy",
            "@class": "array",
            "dtype": "float64",
            "data": [
                -19.677631,
                -19.677631
            ]
        },
        "forces": {
            "@module": "numpy",
            "@class": "array",
            "dtype": "float64",
            "data": [
                [
                    [
                        0.0,
                        2.60209e-18,
                        -1.88651e-16
                    ],
                    [
                        1.11022e-16,
                        -6.07153e-17,
                        1.22081e-16
                    ]
                ],
                [
                    [
                        0.0,
                        2.60209e-18,
                        -1.88651e-16
                    ],
                    [
                        1.11022e-16,
                        -6.07153e-17,
                        1.22081e-16
                    ]
                ]
            ]
        },
        "virials": {
            "@module": "numpy",
            "@class": "array",
            "dtype": "float64",
            "data": [
                [
                    [
                        -13.345286217596902,
                        -7.89299123806327e-17,
                        -1.3877786738371182e-16
                    ],
                    [
                        -7.89299123806327e-17,
                        -13.345286217596902,
                        2.289834803667336e-16
                    ],
                    [
                        -1.3877786738371182e-16,
                        2.289834803667336e-16,
                        -13.345286217596902
                    ]
                ],
                [
                    [
                        -13.345286217596902,
                        -7.89299123806327e-17,
                        -1.3877786738371182e-16
                    ],
                    [
                        -7.89299123806327e-17,
                        -13.345286217596902,
                        2.289834803667336e-16
                    ],
                    [
                        -1.3877786738371182e-16,
                        2.289834803667336e-16,
                        -13.345286217596902
                    ]
                ]
            ]
        },
        "stress": {
            "@module": "numpy",
            "@class": "array",
            "dtype": "float64",
            "data": [
                [
                    [
                        -490.40057,
                        -2.9004454e-15,
                        -5.0996842e-15
                    ],
                    [
                        -2.9004454e-15,
                        -490.40057,
                        8.4144789e-15
                    ],
                    [
                        -5.0996842e-15,
                        8.4144789e-15,
                        -490.40057
                    ]
                ],
                [
                    [
                        -490.40057,
                        -2.9004454e-15,
                        -5.0996842e-15
                    ],
                    [
                        -2.9004454e-15,
                        -490.40057,
                        8.4144789e-15
                    ],
                    [
                        -5.0996842e-15,
                        8.4144789e-15,
                        -490.40057
                    ]
                ]
            ]
        }
    }
}