{
    "@module": "dpdata.system",
    "@class": "LabeledSystem",
    "data": {
        "atom_numbs": [
            2
        ],
        "atom_names": [
            "Mo"
        ],
        "atom_types": {
            "@module": "numpy",
            "@class": "array",
            "dtype": "int64",
            "data": [
                0,
                0
            ]
        },
        "orig": {
            "@module": "numpy",
            "@class": "array",
            "dtype": "int64",
            "data": [
                0,
                0,
                0
            ]
        },
        "cells": {
            "@module": "numpy",
            "@class": "array",
            "dtype": "float64",
            "data": [
                [
                    [
                        3.2131611676,
                        0.0,
                        0.0
                    ],
                    [
                        0.0,
                        3.2131611676,
                        0.0
                    ],
                    [
                        0.0,
                        0.0,
                        3.2131611676
                    ]
                ],
                [
                    [
                        3.2131611676,
                        0.0,
                        0.0
                    ],
                    [
                        0.0,
                        3.2131611676,
                        0.0
                    ],
                    [
                        0.0,
                        0.0,
                        3.2131611676
                    ]
                ]
            ]
        },
        "coords": {
            "@module": "numpy",
            "@class": "array",
            "dtype": "float64",
            "data": [
                [
                    [
                        0.0,
                        0.0,
                        0.0
                    ],
                    [
                        1.6065805838,
                        1.6065805838,
                        1.6065805838
                    ]
                ],
                [
                    [
                        0.0,
                        0.0,
                        0.0
                    ],
                    [
                        1.6065805838,
                        1.6065805838,
                        1.6065805838
                    ]
                ]
            ]
        },
        "energies": {
            "@module": "numpy",
            "@class": "array",
            "dtype": "float64",
            "data": [
                -21.773208,
                -21.773208
            ]
        },
        "forces": {
            "@module": "numpy",
            "@class": "array",
            "dtype": "float64",
            "data": [
                [
                    [
                        1.66533e-16,
                        9.27535e-17,
                        -1.34685e-16
                    ],
                    [
                        -3.33067e-16,
                        -2.17708e-16,
                        1.00099e-16
                    ]
                ],
                [
                    [
                        1.66533e-16,
                        2.64491e-16,
                        -6.19893e-17
                    ],
                    [
                        -3.33067e-16,
                        -2.31477e-16,
                        -1.06523e-17
                    ]
                ]
            ]
        },
        "virials": {
            "@module": "numpy",
            "@class": "array",
            "dtype": "float64",
            "data": [
                [
                    [
                        -2.271078372918152,
                        8.760352939683784e-17,
                        2.591242973210762e-16
                    ],
                    [
                        8.760352939683784e-17,
                        -2.271078372918152,
                        3.18972249480531e-16
                    ],
                    [
                        2.591242973210762e-16,
                        3.18972249480531e-16,
                        -2.271078372918152
                    ]
                ],
                [
                    [
                        -2.271078372918152,
                        1.5178829373487866e-18,
                        -8.500144416024296e-17
                    ],
                    [
                        1.5178829373487866e-18,
                        -2.271078372918152,
                        -3.599550898863433e-17
                    ],
                    [
                        -8.500144416024296e-17,
                        -3.599550898863433e-17,
                        -2.271078372918152
                    ]
                ]
            ]
        },
        "stress": {
            "@module": "numpy",
            "@class": "array",
            "dtype": "float64",
            "data": [
                [
                    [
                        -109.68442999999999,
                        4.2309166e-15,
                        1.2514716000000001e-14
                    ],
                    [
                        4.2309166e-15,
                        -109.68442999999999,
                        1.5405144e-14
                    ],
                    [
                        1.2514716000000001e-14,
                        1.5405144e-14,
                        -109.68442999999999
                    ]
                ],
                [
                    [
                        -109.68442999999999,
                        7.3307961e-17,
                        -4.105245799999999e-15
                    ],
                    [
                        7.3307961e-17,
                        -109.68442999999999,
                        -1.7384459e-15
                    ],
                    [
                        -4.105245799999999e-15,
                        -1.7384459e-15,
                        -109.68442999999999
                    ]
                ]
            ]
        }
    }
}