{
    "@module": "dpdata.system",
    "@class": "LabeledSystem",
    "data": {
        "atom_numbs": [
            2
        ],
        "atom_names": [
            "Mo"
        ],
        "atom_types": {
            "@module": "numpy",
            "@class": "array",
            "dtype": "int64",
            "data": [
                0,
                0
            ]
        },
        "orig": {
            "@module": "numpy",
            "@class": "array",
            "dtype": "int64",
            "data": [
                0,
                0,
                0
            ]
        },
        "cells": {
            "@module": "numpy",
            "@class": "array",
            "dtype": "float64",
            "data": [
                [
                    [
                        2.9347159494,
                        0.0,
                        0.0
                    ],
                    [
                        0.0,
                        2.9347159494,
                        0.0
                    ],
                    [
                        0.0,
                        0.0,
                        2.9347159494
                    ]
                ],
                [
                    [
                        2.9347159494,
                        0.0,
                        0.0
                    ],
                    [
                        0.0,
                        2.9347159494,
                        0.0
                    ],
                    [
                        0.0,
                        0.0,
                        2.9347159494
                    ]
                ]
            ]
        },
        "coords": {
            "@module": "numpy",
            "@class": "array",
            "dtype": "float64",
            "data": [
                [
                    [
                        0.0,
                        0.0,
                        0.0
                    ],
                    [
                        1.4673579747,
                        1.4673579747,
                        1.4673579747
                    ]
                ],
                [
                    [
                        0.0,
                        0.0,
                        0.0
                    ],
                    [
                        1.4673579747,
                        1.4673579747,
                        1.4673579747
                    ]
                ]
            ]
        },
        "energies": {
            "@module": "numpy",
            "@class": "array",
            "dtype": "float64",
            "data": [
                -20.299948,
                -20.299948
            ]
        },
        "forces": {
            "@module": "numpy",
            "@class": "array",
            "dtype": "float64",
            "data": [
                [
                    [
                        -4.44089e-16,
                        4.96131e-16,
                        1.92981e-16
                    ],
                    [
                        4.44089e-16,
                        -4.99384e-16,
                        -3.10977e-16
                    ]
                ],
                [
                    [
                        -4.44089e-16,
                        2.77556e-16,
                        7.98399e-16
                    ],
                    [
                        1.66533e-16,
                        -3.25911e-16,
                        -8.01436e-16
                    ]
                ]
            ]
        },
        "virials": {
            "@module": "numpy",
            "@class": "array",
            "dtype": "float64",
            "data": [
                [
                    [
                        14.620882588219171,
                        -4.301571795763015e-16,
                        -5.002508499736918e-16
                    ],
                    [
                        -4.301571795763015e-16,
                        14.620882588219171,
                        -7.606761865687326e-16
                    ],
                    [
                        -5.002508499736918e-16,
                        -7.606761865687326e-16,
                        14.620882588219171
                    ]
                ],
                [
                    [
                        14.620882588219171,
                        -6.10459983848512e-16,
                        -1.166384610614884e-15
                    ],
                    [
                        -6.10459983848512e-16,
                        14.620882588219171,
                        -2.5760641358412076e-16
                    ],
                    [
                        -1.166384610614884e-15,
                        -2.5760641358412076e-16,
                        14.620882588219171
                    ]
                ]
            ]
        },
        "stress": {
            "@module": "numpy",
            "@class": "array",
            "dtype": "float64",
            "data": [
                [
                    [
                        926.7994399999999,
                        -2.7267125e-14,
                        -3.1710275e-14
                    ],
                    [
                        -2.7267125e-14,
                        926.7994399999999,
                        -4.8218310999999997e-14
                    ],
                    [
                        -3.1710275e-14,
                        -4.8218310999999997e-14,
                        926.7994399999999
                    ]
                ],
                [
                    [
                        926.7994399999999,
                        -3.8696294e-14,
                        -7.393566e-14
                    ],
                    [
                        -3.8696294e-14,
                        926.7994399999999,
                        -1.6329348e-14
                    ],
                    [
                        -7.393566e-14,
                        -1.6329348e-14,
                        926.7994399999999
                    ]
                ]
            ]
        }
    }
}