{
    "@module": "dpdata.system",
    "@class": "LabeledSystem",
    "data": {
        "atom_numbs": [
            2
        ],
        "atom_names": [
            "Mo"
        ],
        "atom_types": {
            "@module": "numpy",
            "@class": "array",
            "dtype": "int64",
            "data": [
                0,
                0
            ]
        },
        "orig": {
            "@module": "numpy",
            "@class": "array",
            "dtype": "int64",
            "data": [
                0,
                0,
                0
            ]
        },
        "cells": {
            "@module": "numpy",
            "@class": "array",
            "dtype": "float64",
            "data": [
                [
                    [
                        3.202928101,
                        0.0,
                        0.0
                    ],
                    [
                        0.0,
                        3.202928101,
                        0.0
                    ],
                    [
                        0.0,
                        0.0,
                        3.202928101
                    ]
                ],
                [
                    [
                        3.202928101,
                        0.0,
                        0.0
                    ],
                    [
                        0.0,
                        3.202928101,
                        0.0
                    ],
                    [
                        0.0,
                        0.0,
                        3.202928101
                    ]
                ]
            ]
        },
        "coords": {
            "@module": "numpy",
            "@class": "array",
            "dtype": "float64",
            "data": [
                [
                    [
                        0.0,
                        0.0,
                        0.0
                    ],
                    [
                        1.6014640505,
                        1.6014640505,
                        1.6014640505
                    ]
                ],
                [
                    [
                        0.0,
                        0.0,
                        0.0
                    ],
                    [
                        1.6014640505,
                        1.6014640505,
                        1.6014640505
                    ]
                ]
            ]
        },
        "energies": {
            "@module": "numpy",
            "@class": "array",
            "dtype": "float64",
            "data": [
                -21.793004,
                -21.793004
            ]
        },
        "forces": {
            "@module": "numpy",
            "@class": "array",
            "dtype": "float64",
            "data": [
                [
                    [
                        1.80411e-16,
                        2.34296e-16,
                        -4.33898e-16
                    ],
                    [
                        -1.11022e-16,
                        -3.32362e-16,
                        5.05347e-16
                    ]
                ],
                [
                    [
                        1.80411e-16,
                        2.34296e-16,
                        -4.33898e-16
                    ],
                    [
                        -1.11022e-16,
                        -3.32362e-16,
                        5.05347e-16
                    ]
                ]
            ]
        },
        "virials": {
            "@module": "numpy",
            "@class": "array",
            "dtype": "float64",
            "data": [
                [
                    [
                        -1.8651141721130493,
                        -1.1080545437957103e-16,
                        2.190088188685984e-17
                    ],
                    [
                        -1.1080545437957103e-16,
                        -1.8651141721130493,
                        9.107297594954422e-17
                    ],
                    [
                        2.190088188685984e-17,
                        9.107297594954422e-17,
                        -1.8651141721130493
                    ]
                ],
                [
                    [
                        -1.8651141721130493,
                        -1.1080545437957103e-16,
                        2.190088188685984e-17
                    ],
                    [
                        -1.1080545437957103e-16,
                        -1.8651141721130493,
                        9.107297594954422e-17
                    ],
                    [
                        2.190088188685984e-17,
                        9.107297594954422e-17,
                        -1.8651141721130493
                    ]
                ]
            ]
        },
        "stress": {
            "@module": "numpy",
            "@class": "array",
            "dtype": "float64",
            "data": [
                [
                    [
                        -90.94403999999999,
                        -5.4029377e-15,
                        1.0678996000000001e-15
                    ],
                    [
                        -5.4029377e-15,
                        -90.94403999999999,
                        4.4407707000000004e-15
                    ],
                    [
                        1.0678996000000001e-15,
                        4.4407707000000004e-15,
                        -90.94403999999999
                    ]
                ],
                [
                    [
                        -90.94403999999999,
                        -5.4029377e-15,
                        1.0678996000000001e-15
                    ],
                    [
                        -5.4029377e-15,
                        -90.94403999999999,
                        4.4407707000000004e-15
                    ],
                    [
                        1.0678996000000001e-15,
                        4.4407707000000004e-15,
                        -90.94403999999999
                    ]
                ]
            ]
        }
    }
}