{
    "@module": "dpdata.system",
    "@class": "LabeledSystem",
    "data": {
        "atom_numbs": [
            2
        ],
        "atom_names": [
            "Mo"
        ],
        "atom_types": {
            "@module": "numpy",
            "@class": "array",
            "dtype": "int64",
            "data": [
                0,
                0
            ]
        },
        "orig": {
            "@module": "numpy",
            "@class": "array",
            "dtype": "int64",
            "data": [
                0,
                0,
                0
            ]
        },
        "cells": {
            "@module": "numpy",
            "@class": "array",
            "dtype": "float64",
            "data": [
                [
                    [
                        2.6663663929,
                        0.0,
                        0.0
                    ],
                    [
                        0.0,
                        2.6663663929,
                        0.0
                    ],
                    [
                        0.0,
                        0.0,
                        2.6663663929
                    ]
                ],
                [
                    [
                        2.6663663929,
                        0.0,
                        0.0
                    ],
                    [
                        0.0,
                        2.6663663929,
                        0.0
                    ],
                    [
                        0.0,
                        0.0,
                        2.6663663929
                    ]
                ]
            ]
        },
        "coords": {
            "@module": "numpy",
            "@class": "array",
            "dtype": "float64",
            "data": [
                [
                    [
                        0.0,
                        0.0,
                        0.0
                    ],
                    [
                        1.33318319645,
                        1.33318319645,
                        1.33318319645
                    ]
                ],
                [
                    [
                        0.25587651771145203,
                        4.908887183984616e-08,
                        -5.1861092978544295e-08
                    ],
                    [
                        1.0773080119217444,
                        1.33318319645,
                        1.33318319645
                    ]
                ]
            ]
        },
        "energies": {
            "@module": "numpy",
            "@class": "array",
            "dtype": "float64",
            "data": [
                -12.206975,
                -14.991543
            ]
        },
        "forces": {
            "@module": "numpy",
            "@class": "array",
            "dtype": "float64",
            "data": [
                [
                    [
                        6.27773e-10,
                        6.27769e-10,
                        6.27772e-10
                    ],
                    [
                        -6.27773e-10,
                        -6.27769e-10,
                        -6.27773e-10
                    ]
                ],
                [
                    [
                        3.20273e-11,
                        4.3856e-14,
                        -4.19888e-12
                    ],
                    [
                        -3.20275e-11,
                        -4.33018e-14,
                        4.19982e-12
                    ]
                ]
            ]
        },
        "virials": {
            "@module": "numpy",
            "@class": "array",
            "dtype": "float64",
            "data": [
                [
                    [
                        1.870149813465724,
                        4.105981720045166e-15,
                        1.2534677316270586e-14
                    ],
                    [
                        4.105981720045166e-15,
                        1.870149813465724,
                        1.206456746235223e-14
                    ],
                    [
                        1.2534677316270586e-14,
                        1.206456746235223e-14,
                        1.870149813465724
                    ]
                ],
                [
                    [
                        16.040791295126787,
                        -2.7142585362306636e-14,
                        4.0444427619297366e-12
                    ],
                    [
                        -2.7142585362306636e-14,
                        23.148244749525592,
                        -9.086918962418043e-15
                    ],
                    [
                        4.0444427619297366e-12,
                        -9.086918962418043e-15,
                        23.148244749525592
                    ]
                ]
            ]
        },
        "stress": {
            "@module": "numpy",
            "@class": "array",
            "dtype": "float64",
            "data": [
                [
                    [
                        158.06194,
                        3.4703072e-13,
                        1.05941e-12
                    ],
                    [
                        3.4703072e-13,
                        158.06194,
                        1.0196771e-12
                    ],
                    [
                        1.05941e-12,
                        1.0196771e-12,
                        158.06194
                    ]
                ],
                [
                    [
                        1355.7409,
                        -2.294046e-12,
                        3.4182955e-10
                    ],
                    [
                        -2.294046e-12,
                        1956.451,
                        -7.680112199999999e-13
                    ],
                    [
                        3.4182955e-10,
                        -7.680112199999999e-13,
                        1956.451
                    ]
                ]
            ]
        }
    }
}