{
    "@module": "dpdata.system",
    "@class": "LabeledSystem",
    "data": {
        "atom_numbs": [
            2
        ],
        "atom_names": [
            "Mo"
        ],
        "atom_types": {
            "@module": "numpy",
            "@class": "array",
            "dtype": "int64",
            "data": [
                0,
                0
            ]
        },
        "orig": {
            "@module": "numpy",
            "@class": "array",
            "dtype": "int64",
            "data": [
                0,
                0,
                0
            ]
        },
        "cells": {
            "@module": "numpy",
            "@class": "array",
            "dtype": "float64",
            "data": [
                [
                    [
                        2.8202581283,
                        0.0,
                        0.0
                    ],
                    [
                        0.0,
                        2.8202581283,
                        0.0
                    ],
                    [
                        0.0,
                        0.0,
                        2.8202581283
                    ]
                ],
                [
                    [
                        2.8202581283,
                        0.0,
                        0.0
                    ],
                    [
                        0.0,
                        2.8202581283,
                        0.0
                    ],
                    [
                        0.0,
                        0.0,
                        2.8202581283
                    ]
                ]
            ]
        },
        "coords": {
            "@module": "numpy",
            "@class": "array",
            "dtype": "float64",
            "data": [
                [
                    [
                        0.0,
                        0.0,
                        0.0
                    ],
                    [
                        1.41012906415,
                        1.41012906415,
                        1.41012906415
                    ]
                ],
                [
                    [
                        0.0,
                        0.0,
                        0.0
                    ],
                    [
                        1.41012906415,
                        1.41012906415,
                        1.41012906415
                    ]
                ]
            ]
        },
        "energies": {
            "@module": "numpy",
            "@class": "array",
            "dtype": "float64",
            "data": [
                -16.525525,
                -16.525525
            ]
        },
        "forces": {
            "@module": "numpy",
            "@class": "array",
            "dtype": "float64",
            "data": [
                [
                    [
                        1.66573e-10,
                        1.66573e-10,
                        1.66573e-10
                    ],
                    [
                        -1.66573e-10,
                        -1.66573e-10,
                        -1.66572e-10
                    ]
                ],
                [
                    [
                        1.66572e-10,
                        1.66572e-10,
                        1.66571e-10
                    ],
                    [
                        -1.66572e-10,
                        -1.66572e-10,
                        -1.66571e-10
                    ]
                ]
            ]
        },
        "virials": {
            "@module": "numpy",
            "@class": "array",
            "dtype": "float64",
            "data": [
                [
                    [
                        54.70140167530346,
                        1.6826815754324233e-16,
                        2.6905559482527556e-15
                    ],
                    [
                        1.6826815754324233e-16,
                        54.70140167530346,
                        -1.960237387262036e-15
                    ],
                    [
                        2.6905559482527556e-15,
                        -1.960237387262036e-15,
                        54.70140167530346
                    ]
                ],
                [
                    [
                        54.70140167530346,
                        -2.283763218977962e-15,
                        -3.122502008026415e-17
                    ],
                    [
                        -2.283763218977962e-15,
                        54.70140167530346,
                        -4.309052743074638e-15
                    ],
                    [
                        -3.122502008026415e-17,
                        -4.309052743074638e-15,
                        54.70140167530346
                    ]
                ]
            ]
        },
        "stress": {
            "@module": "numpy",
            "@class": "array",
            "dtype": "float64",
            "data": [
                [
                    [
                        3906.9897,
                        1.2018375e-14,
                        1.9217011e-13
                    ],
                    [
                        1.2018375e-14,
                        3906.9897,
                        -1.4000788e-13
                    ],
                    [
                        1.9217011e-13,
                        -1.4000788e-13,
                        3906.9897
                    ]
                ],
                [
                    [
                        3906.9897,
                        -1.6311537e-13,
                        -2.230214e-15
                    ],
                    [
                        -1.6311537e-13,
                        3906.9897,
                        -3.0776953e-13
                    ],
                    [
                        -2.230214e-15,
                        -3.0776953e-13,
                        3906.9897
                    ]
                ]
            ]
        }
    }
}