{
    "@module": "dpdata.system",
    "@class": "LabeledSystem",
    "data": {
        "atom_numbs": [
            2
        ],
        "atom_names": [
            "Mo"
        ],
        "atom_types": {
            "@module": "numpy",
            "@class": "array",
            "dtype": "int64",
            "data": [
                0,
                0
            ]
        },
        "orig": {
            "@module": "numpy",
            "@class": "array",
            "dtype": "int64",
            "data": [
                0,
                0,
                0
            ]
        },
        "cells": {
            "@module": "numpy",
            "@class": "array",
            "dtype": "float64",
            "data": [
                [
                    [
                        3.0522275858,
                        0.0,
                        0.0
                    ],
                    [
                        0.0,
                        3.0522275858,
                        0.0
                    ],
                    [
                        0.0,
                        0.0,
                        3.0522275858
                    ]
                ],
                [
                    [
                        3.0522275858,
                        0.0,
                        0.0
                    ],
                    [
                        0.0,
                        3.0522275858,
                        0.0
                    ],
                    [
                        0.0,
                        0.0,
                        3.0522275858
                    ]
                ]
            ]
        },
        "coords": {
            "@module": "numpy",
            "@class": "array",
            "dtype": "float64",
            "data": [
                [
                    [
                        0.0,
                        0.0,
                        0.0
                    ],
                    [
                        1.5261137929,
                        1.5261137929,
                        1.5261137929
                    ]
                ],
                [
                    [
                        0.0,
                        0.0,
                        0.0
                    ],
                    [
                        1.5261137929,
                        1.5261137929,
                        1.5261137929
                    ]
                ]
            ]
        },
        "energies": {
            "@module": "numpy",
            "@class": "array",
            "dtype": "float64",
            "data": [
                -21.51369,
                -21.51369
            ]
        },
        "forces": {
            "@module": "numpy",
            "@class": "array",
            "dtype": "float64",
            "data": [
                [
                    [
                        -7.77156e-16,
                        -9.16151e-16,
                        -6.03681e-16
                    ],
                    [
                        1.22125e-15,
                        9.45424e-16,
                        5.32534e-16
                    ]
                ],
                [
                    [
                        -7.77156e-16,
                        -8.6064e-16,
                        -6.03681e-16
                    ],
                    [
                        1.22125e-15,
                        9.45424e-16,
                        5.34485e-16
                    ]
                ]
            ]
        },
        "virials": {
            "@module": "numpy",
            "@class": "array",
            "dtype": "float64",
            "data": [
                [
                    [
                        6.124090679394082,
                        -2.33320291413224e-16,
                        2.836272600350824e-16
                    ],
                    [
                        -2.33320291413224e-16,
                        6.124090679394082,
                        1.569924621423826e-16
                    ],
                    [
                        2.836272600350824e-16,
                        1.569924621423826e-16,
                        6.124090679394082
                    ]
                ],
                [
                    [
                        6.124090679394082,
                        -2.33320291413224e-16,
                        2.6974948354350707e-16
                    ],
                    [
                        -2.33320291413224e-16,
                        6.124090679394082,
                        3.7903704218672685e-16
                    ],
                    [
                        2.6974948354350707e-16,
                        3.7903704218672685e-16,
                        6.124090679394082
                    ]
                ]
            ]
        },
        "stress": {
            "@module": "numpy",
            "@class": "array",
            "dtype": "float64",
            "data": [
                [
                    [
                        345.06528000000003,
                        -1.3146561e-14,
                        1.5981135e-14
                    ],
                    [
                        -1.3146561e-14,
                        345.06528000000003,
                        8.8458272e-15
                    ],
                    [
                        1.5981135e-14,
                        8.8458272e-15,
                        345.06528000000003
                    ]
                ],
                [
                    [
                        345.06528000000003,
                        -1.3146561e-14,
                        1.5199184e-14
                    ],
                    [
                        -1.3146561e-14,
                        345.06528000000003,
                        2.1357051999999997e-14
                    ],
                    [
                        1.5199184e-14,
                        2.1357051999999997e-14,
                        345.06528000000003
                    ]
                ]
            ]
        }
    }
}