{
    "@module": "dpdata.system",
    "@class": "LabeledSystem",
    "data": {
        "atom_numbs": [
            2
        ],
        "atom_names": [
            "Mo"
        ],
        "atom_types": {
            "@module": "numpy",
            "@class": "array",
            "dtype": "int64",
            "data": [
                0,
                0
            ]
        },
        "orig": {
            "@module": "numpy",
            "@class": "array",
            "dtype": "int64",
            "data": [
                0,
                0,
                0
            ]
        },
        "cells": {
            "@module": "numpy",
            "@class": "array",
            "dtype": "float64",
            "data": [
                [
                    [
                        3.3311794646,
                        0.0,
                        0.0
                    ],
                    [
                        0.0,
                        3.3311794646,
                        0.0
                    ],
                    [
                        0.0,
                        0.0,
                        3.3311794646
                    ]
                ],
                [
                    [
                        3.3311794646,
                        0.0,
                        0.0
                    ],
                    [
                        0.0,
                        3.3311794646,
                        0.0
                    ],
                    [
                        0.0,
                        0.0,
                        3.3311794646
                    ]
                ]
            ]
        },
        "coords": {
            "@module": "numpy",
            "@class": "array",
            "dtype": "float64",
            "data": [
                [
                    [
                        0.0,
                        0.0,
                        0.0
                    ],
                    [
                        1.6655897323,
                        1.6655897323,
                        1.6655897323
                    ]
                ],
                [
                    [
                        0.0,
                        0.0,
                        0.0
                    ],
                    [
                        1.6655897323,
                        1.6655897323,
                        1.6655897323
                    ]
                ]
            ]
        },
        "energies": {
            "@module": "numpy",
            "@class": "array",
            "dtype": "float64",
            "data": [
                -21.281095,
                -21.281095
            ]
        },
        "forces": {
            "@module": "numpy",
            "@class": "array",
            "dtype": "float64",
            "data": [
                [
                    [
                        -1.11022e-16,
                        -4.24736e-17,
                        -2.40259e-16
                    ],
                    [
                        0.0,
                        1.75641e-17,
                        2.25839e-16
                    ]
                ],
                [
                    [
                        -1.11022e-16,
                        -4.24736e-17,
                        -2.40259e-16
                    ],
                    [
                        0.0,
                        1.75641e-17,
                        2.25839e-16
                    ]
                ]
            ]
        },
        "virials": {
            "@module": "numpy",
            "@class": "array",
            "dtype": "float64",
            "data": [
                [
                    [
                        -6.7610354897591876,
                        -8.673616749429557e-18,
                        -9.671082677921149e-17
                    ],
                    [
                        -8.673616749429557e-18,
                        -6.7610354897591876,
                        2.031794714209747e-16
                    ],
                    [
                        -9.671082677921149e-17,
                        2.031794714209747e-16,
                        -6.7610354897591876
                    ]
                ],
                [
                    [
                        -6.7610354897591876,
                        -8.673616749429557e-18,
                        -9.671082677921149e-17
                    ],
                    [
                        -8.673616749429557e-18,
                        -6.7610354897591876,
                        2.031794714209747e-16
                    ],
                    [
                        -9.671082677921149e-17,
                        2.031794714209747e-16,
                        -6.7610354897591876
                    ]
                ]
            ]
        },
        "stress": {
            "@module": "numpy",
            "@class": "array",
            "dtype": "float64",
            "data": [
                [
                    [
                        -293.04176,
                        -3.7593826e-16,
                        -4.1917116e-15
                    ],
                    [
                        -3.7593826e-16,
                        -293.04176,
                        8.8063537e-15
                    ],
                    [
                        -4.1917116e-15,
                        8.8063537e-15,
                        -293.04176
                    ]
                ],
                [
                    [
                        -293.04176,
                        -3.7593826e-16,
                        -4.1917116e-15
                    ],
                    [
                        -3.7593826e-16,
                        -293.04176,
                        8.8063537e-15
                    ],
                    [
                        -4.1917116e-15,
                        8.8063537e-15,
                        -293.04176
                    ]
                ]
            ]
        }
    }
}