{
    "@module": "dpdata.system",
    "@class": "LabeledSystem",
    "data": {
        "atom_numbs": [
            2
        ],
        "atom_names": [
            "Mo"
        ],
        "atom_types": {
            "@module": "numpy",
            "@class": "array",
            "dtype": "int64",
            "data": [
                0,
                0
            ]
        },
        "orig": {
            "@module": "numpy",
            "@class": "array",
            "dtype": "int64",
            "data": [
                0,
                0,
                0
            ]
        },
        "cells": {
            "@module": "numpy",
            "@class": "array",
            "dtype": "float64",
            "data": [
                [
                    [
                        3.3120891918,
                        0.0,
                        0.0
                    ],
                    [
                        0.0,
                        3.3120891918,
                        0.0
                    ],
                    [
                        0.0,
                        0.0,
                        3.3120891918
                    ]
                ],
                [
                    [
                        3.3120891918,
                        0.0,
                        0.0
                    ],
                    [
                        0.0,
                        3.3120891918,
                        0.0
                    ],
                    [
                        0.0,
                        0.0,
                        3.3120891918
                    ]
                ]
            ]
        },
        "coords": {
            "@module": "numpy",
            "@class": "array",
            "dtype": "float64",
            "data": [
                [
                    [
                        0.0,
                        0.0,
                        0.0
                    ],
                    [
                        1.6560445959,
                        1.6560445959,
                        1.6560445959
                    ]
                ],
                [
                    [
                        0.0,
                        0.0,
                        0.0
                    ],
                    [
                        1.6560445959,
                        1.6560445959,
                        1.6560445959
                    ]
                ]
            ]
        },
        "energies": {
            "@module": "numpy",
            "@class": "array",
            "dtype": "float64",
            "data": [
                -21.391949,
                -21.391949
            ]
        },
        "forces": {
            "@module": "numpy",
            "@class": "array",
            "dtype": "float64",
            "data": [
                [
                    [
                        0.0,
                        4.77049e-18,
                        -1.10426e-16
                    ],
                    [
                        -1.11022e-16,
                        -3.40439e-17,
                        2.07489e-16
                    ]
                ],
                [
                    [
                        0.0,
                        4.77049e-18,
                        -1.10426e-16
                    ],
                    [
                        -1.11022e-16,
                        -3.40439e-17,
                        2.07489e-16
                    ]
                ]
            ]
        },
        "virials": {
            "@module": "numpy",
            "@class": "array",
            "dtype": "float64",
            "data": [
                [
                    [
                        -6.090089613421401,
                        7.188259938850814e-17,
                        -1.7455653768795133e-17
                    ],
                    [
                        7.188259938850814e-17,
                        -6.090089613421401,
                        -2.3744025467723742e-17
                    ],
                    [
                        -1.7455653768795133e-17,
                        -2.3744025467723742e-17,
                        -6.090089613421401
                    ]
                ],
                [
                    [
                        -6.090089613421401,
                        7.188259938850814e-17,
                        -1.7455653768795133e-17
                    ],
                    [
                        7.188259938850814e-17,
                        -6.090089613421401,
                        -2.3744025467723742e-17
                    ],
                    [
                        -1.7455653768795133e-17,
                        -2.3744025467723742e-17,
                        -6.090089613421401
                    ]
                ]
            ]
        },
        "stress": {
            "@module": "numpy",
            "@class": "array",
            "dtype": "float64",
            "data": [
                [
                    [
                        -268.55176,
                        3.1697724999999998e-15,
                        -7.697335899999999e-16
                    ],
                    [
                        3.1697724999999998e-15,
                        -268.55176,
                        -1.0470289e-15
                    ],
                    [
                        -7.697335899999999e-16,
                        -1.0470289e-15,
                        -268.55176
                    ]
                ],
                [
                    [
                        -268.55176,
                        3.1697724999999998e-15,
                        -7.697335899999999e-16
                    ],
                    [
                        3.1697724999999998e-15,
                        -268.55176,
                        -1.0470289e-15
                    ],
                    [
                        -7.697335899999999e-16,
                        -1.0470289e-15,
                        -268.55176
                    ]
                ]
            ]
        }
    }
}