{
    "@module": "dpdata.system",
    "@class": "LabeledSystem",
    "data": {
        "atom_numbs": [
            2
        ],
        "atom_names": [
            "Mo"
        ],
        "atom_types": {
            "@module": "numpy",
            "@class": "array",
            "dtype": "int64",
            "data": [
                0,
                0
            ]
        },
        "orig": {
            "@module": "numpy",
            "@class": "array",
            "dtype": "int64",
            "data": [
                0,
                0,
                0
            ]
        },
        "cells": {
            "@module": "numpy",
            "@class": "array",
            "dtype": "float64",
            "data": [
                [
                    [
                        3.3779718044,
                        0.0,
                        0.0
                    ],
                    [
                        0.0,
                        3.3779718044,
                        0.0
                    ],
                    [
                        0.0,
                        0.0,
                        3.3779718044
                    ]
                ],
                [
                    [
                        3.3779718044,
                        0.0,
                        0.0
                    ],
                    [
                        0.0,
                        3.3779718044,
                        0.0
                    ],
                    [
                        0.0,
                        0.0,
                        3.3779718044
                    ]
                ]
            ]
        },
        "coords": {
            "@module": "numpy",
            "@class": "array",
            "dtype": "float64",
            "data": [
                [
                    [
                        0.0,
                        0.0,
                        0.0
                    ],
                    [
                        1.6889859022,
                        1.6889859022,
                        1.6889859022
                    ]
                ],
                [
                    [
                        0.0,
                        0.0,
                        0.0
                    ],
                    [
                        1.6889859022,
                        1.6889859022,
                        1.6889859022
                    ]
                ]
            ]
        },
        "energies": {
            "@module": "numpy",
            "@class": "array",
            "dtype": "float64",
            "data": [
                -20.96772,
                -20.96772
            ]
        },
        "forces": {
            "@module": "numpy",
            "@class": "array",
            "dtype": "float64",
            "data": [
                [
                    [
                        1.11022e-16,
                        1.12974e-16,
                        -1.55583e-16
                    ],
                    [
                        -5.55112e-17,
                        -9.71445e-17,
                        3.52799e-16
                    ]
                ],
                [
                    [
                        1.11022e-16,
                        1.12974e-16,
                        -1.55583e-16
                    ],
                    [
                        -5.55112e-17,
                        -9.71445e-17,
                        3.52799e-16
                    ]
                ]
            ]
        },
        "virials": {
            "@module": "numpy",
            "@class": "array",
            "dtype": "float64",
            "data": [
                [
                    [
                        -8.162814796266035,
                        6.472686388525106e-17,
                        1.2067169300505835e-16
                    ],
                    [
                        6.472686388525106e-17,
                        -8.162814796266035,
                        -3.794707268193156e-18
                    ],
                    [
                        1.2067169300505835e-16,
                        -3.794707268193156e-18,
                        -8.162814796266035
                    ]
                ],
                [
                    [
                        -8.162814796266035,
                        6.472686388525106e-17,
                        1.2067169300505835e-16
                    ],
                    [
                        6.472686388525106e-17,
                        -8.162814796266035,
                        -3.794707268193156e-18
                    ],
                    [
                        1.2067169300505835e-16,
                        -3.794707268193156e-18,
                        -8.162814796266035
                    ]
                ]
            ]
        },
        "stress": {
            "@module": "numpy",
            "@class": "array",
            "dtype": "float64",
            "data": [
                [
                    [
                        -339.29876,
                        2.6904622e-15,
                        5.0158869e-15
                    ],
                    [
                        2.6904622e-15,
                        -339.29876,
                        -1.5773229e-16
                    ],
                    [
                        5.0158869e-15,
                        -1.5773229e-16,
                        -339.29876
                    ]
                ],
                [
                    [
                        -339.29876,
                        2.6904622e-15,
                        5.0158869e-15
                    ],
                    [
                        2.6904622e-15,
                        -339.29876,
                        -1.5773229e-16
                    ],
                    [
                        5.0158869e-15,
                        -1.5773229e-16,
                        -339.29876
                    ]
                ]
            ]
        }
    }
}