{
    "@module": "dpdata.system",
    "@class": "LabeledSystem",
    "data": {
        "atom_numbs": [
            2
        ],
        "atom_names": [
            "Mo"
        ],
        "atom_types": {
            "@module": "numpy",
            "@class": "array",
            "dtype": "int64",
            "data": [
                0,
                0
            ]
        },
        "orig": {
            "@module": "numpy",
            "@class": "array",
            "dtype": "int64",
            "data": [
                0,
                0,
                0
            ]
        },
        "cells": {
            "@module": "numpy",
            "@class": "array",
            "dtype": "float64",
            "data": [
                [
                    [
                        3.0967919393,
                        0.0,
                        0.0
                    ],
                    [
                        0.0,
                        3.0967919393,
                        0.0
                    ],
                    [
                        0.0,
                        0.0,
                        3.0967919393
                    ]
                ],
                [
                    [
                        3.0967919393,
                        0.0,
                        0.0
                    ],
                    [
                        0.0,
                        3.0967919393,
                        0.0
                    ],
                    [
                        0.0,
                        0.0,
                        3.0967919393
                    ]
                ]
            ]
        },
        "coords": {
            "@module": "numpy",
            "@class": "array",
            "dtype": "float64",
            "data": [
                [
                    [
                        0.0,
                        0.0,
                        0.0
                    ],
                    [
                        1.54839596965,
                        1.54839596965,
                        1.54839596965
                    ]
                ],
                [
                    [
                        -2.4999936807178005e-11,
                        -2.499999874301679e-11,
                        -2.49999677750974e-11
                    ],
                    [
                        1.54839596965,
                        1.54839596965,
                        1.54839596965
                    ]
                ]
            ]
        },
        "energies": {
            "@module": "numpy",
            "@class": "array",
            "dtype": "float64",
            "data": [
                -21.72199,
                -21.72199
            ]
        },
        "forces": {
            "@module": "numpy",
            "@class": "array",
            "dtype": "float64",
            "data": [
                [
                    [
                        -3.79133e-10,
                        -3.79134e-10,
                        -3.79133e-10
                    ],
                    [
                        3.79133e-10,
                        3.79134e-10,
                        3.79133e-10
                    ]
                ],
                [
                    [
                        1.9984e-15,
                        2.01922e-15,
                        1.66346e-15
                    ],
                    [
                        -2.05391e-15,
                        -1.61844e-15,
                        -1.63375e-15
                    ]
                ]
            ]
        },
        "virials": {
            "@module": "numpy",
            "@class": "array",
            "dtype": "float64",
            "data": [
                [
                    [
                        3.5215970186323804,
                        1.10637403144757e-15,
                        7.222954237356973e-16
                    ],
                    [
                        1.10637403144757e-15,
                        3.5215970186323804,
                        8.428586996683086e-16
                    ],
                    [
                        7.222954237356973e-16,
                        8.428586996683086e-16,
                        3.5215970186323804
                    ]
                ],
                [
                    [
                        3.5215970186323804,
                        1.0941496379063504e-15,
                        8.370040107449036e-16
                    ],
                    [
                        1.0941496379063504e-15,
                        3.5215970186323804,
                        9.267759508220755e-16
                    ],
                    [
                        8.370040107449036e-16,
                        9.267759508220755e-16,
                        3.5215970186323804
                    ]
                ]
            ]
        },
        "stress": {
            "@module": "numpy",
            "@class": "array",
            "dtype": "float64",
            "data": [
                [
                    [
                        189.98266,
                        5.968652300000001e-14,
                        3.89663e-14
                    ],
                    [
                        5.968652300000001e-14,
                        189.98266,
                        4.5470432000000005e-14
                    ],
                    [
                        3.89663e-14,
                        4.5470432000000005e-14,
                        189.98266
                    ]
                ],
                [
                    [
                        189.98266,
                        5.9027043e-14,
                        4.5154584e-14
                    ],
                    [
                        5.9027043e-14,
                        189.98266,
                        4.9997589e-14
                    ],
                    [
                        4.5154584e-14,
                        4.9997589e-14,
                        189.98266
                    ]
                ]
            ]
        }
    }
}