{
    "@module": "dpdata.system",
    "@class": "LabeledSystem",
    "data": {
        "atom_numbs": [
            2
        ],
        "atom_names": [
            "Mo"
        ],
        "atom_types": {
            "@module": "numpy",
            "@class": "array",
            "dtype": "int64",
            "data": [
                0,
                0
            ]
        },
        "orig": {
            "@module": "numpy",
            "@class": "array",
            "dtype": "int64",
            "data": [
                0,
                0,
                0
            ]
        },
        "cells": {
            "@module": "numpy",
            "@class": "array",
            "dtype": "float64",
            "data": [
                [
                    [
                        3.0294489191,
                        0.0,
                        0.0
                    ],
                    [
                        0.0,
                        3.0294489191,
                        0.0
                    ],
                    [
                        0.0,
                        0.0,
                        3.0294489191
                    ]
                ],
                [
                    [
                        3.0294489191,
                        0.0,
                        0.0
                    ],
                    [
                        0.0,
                        3.0294489191,
                        0.0
                    ],
                    [
                        0.0,
                        0.0,
                        3.0294489191
                    ]
                ]
            ]
        },
        "coords": {
            "@module": "numpy",
            "@class": "array",
            "dtype": "float64",
            "data": [
                [
                    [
                        0.0,
                        0.0,
                        0.0
                    ],
                    [
                        1.51472445955,
                        1.51472445955,
                        1.51472445955
                    ]
                ],
                [
                    [
                        -2.4999891020599737e-11,
                        -2.499986072611055e-11,
                        -2.4999921315088932e-11
                    ],
                    [
                        1.51472445955,
                        1.51472445955,
                        1.51472445955
                    ]
                ]
            ]
        },
        "energies": {
            "@module": "numpy",
            "@class": "array",
            "dtype": "float64",
            "data": [
                -21.359547,
                -21.359547
            ]
        },
        "forces": {
            "@module": "numpy",
            "@class": "array",
            "dtype": "float64",
            "data": [
                [
                    [
                        -5.03685e-10,
                        -5.03684e-10,
                        -5.03685e-10
                    ],
                    [
                        5.03685e-10,
                        5.03684e-10,
                        5.03685e-10
                    ]
                ],
                [
                    [
                        4.44089e-16,
                        -3.52995e-15,
                        1.09848e-15
                    ],
                    [
                        -5.13478e-16,
                        3.55411e-15,
                        -7.19869e-16
                    ]
                ]
            ]
        },
        "virials": {
            "@module": "numpy",
            "@class": "array",
            "dtype": "float64",
            "data": [
                [
                    [
                        7.608875458633737,
                        -1.5383421582067585e-15,
                        -1.8241869084133715e-15
                    ],
                    [
                        -1.5383421582067585e-15,
                        7.608875458633737,
                        -1.3207055229334196e-15
                    ],
                    [
                        -1.8241869084133715e-15,
                        -1.3207055229334196e-15,
                        7.608875458633737
                    ]
                ],
                [
                    [
                        7.608875458633737,
                        7.324970939211579e-17,
                        6.46619825744045e-16
                    ],
                    [
                        7.324970939211579e-17,
                        7.608875458633737,
                        -8.827099111857203e-16
                    ],
                    [
                        6.46619825744045e-16,
                        -8.827099111857203e-16,
                        7.608875458633737
                    ]
                ]
            ]
        },
        "stress": {
            "@module": "numpy",
            "@class": "array",
            "dtype": "float64",
            "data": [
                [
                    [
                        438.47008,
                        -8.864871200000001e-14,
                        -1.0512084e-13
                    ],
                    [
                        -8.864871200000001e-14,
                        438.47008,
                        -7.6107154e-14
                    ],
                    [
                        -1.0512084e-13,
                        -7.6107154e-14,
                        438.47008
                    ]
                ],
                [
                    [
                        438.47008,
                        4.2210975999999995e-15,
                        3.7262201e-14
                    ],
                    [
                        4.2210975999999995e-15,
                        438.47008,
                        -5.086716e-14
                    ],
                    [
                        3.7262201e-14,
                        -5.086716e-14,
                        438.47008
                    ]
                ]
            ]
        }
    }
}