{
    "@module": "dpdata.system",
    "@class": "LabeledSystem",
    "data": {
        "atom_numbs": [
            2
        ],
        "atom_names": [
            "Mo"
        ],
        "atom_types": {
            "@module": "numpy",
            "@class": "array",
            "dtype": "int64",
            "data": [
                0,
                0
            ]
        },
        "orig": {
            "@module": "numpy",
            "@class": "array",
            "dtype": "int64",
            "data": [
                0,
                0,
                0
            ]
        },
        "cells": {
            "@module": "numpy",
            "@class": "array",
            "dtype": "float64",
            "data": [
                [
                    [
                        3.2830342808,
                        0.0,
                        0.0
                    ],
                    [
                        0.0,
                        3.2830342808,
                        0.0
                    ],
                    [
                        0.0,
                        0.0,
                        3.2830342808
                    ]
                ],
                [
                    [
                        3.2830342808,
                        0.0,
                        0.0
                    ],
                    [
                        0.0,
                        3.2830342808,
                        0.0
                    ],
                    [
                        0.0,
                        0.0,
                        3.2830342808
                    ]
                ]
            ]
        },
        "coords": {
            "@module": "numpy",
            "@class": "array",
            "dtype": "float64",
            "data": [
                [
                    [
                        0.0,
                        0.0,
                        0.0
                    ],
                    [
                        1.6415171404,
                        1.6415171404,
                        1.6415171404
                    ]
                ],
                [
                    [
                        0.0,
                        0.0,
                        0.0
                    ],
                    [
                        1.6415171404,
                        1.6415171404,
                        1.6415171404
                    ]
                ]
            ]
        },
        "energies": {
            "@module": "numpy",
            "@class": "array",
            "dtype": "float64",
            "data": [
                -21.538623,
                -21.538623
            ]
        },
        "forces": {
            "@module": "numpy",
            "@class": "array",
            "dtype": "float64",
            "data": [
                [
                    [
                        -6.66134e-16,
                        -2.92707e-16,
                        -8.14846e-16
                    ],
                    [
                        8.32667e-16,
                        2.41886e-16,
                        1.01021e-15
                    ]
                ],
                [
                    [
                        -1.44329e-15,
                        -1.19102e-15,
                        -1.56385e-15
                    ],
                    [
                        1.27676e-15,
                        1.08537e-15,
                        1.52263e-15
                    ]
                ]
            ]
        },
        "virials": {
            "@module": "numpy",
            "@class": "array",
            "dtype": "float64",
            "data": [
                [
                    [
                        -4.999749871595935,
                        5.462074605668456e-16,
                        -1.1015493340933966e-16
                    ],
                    [
                        5.462074605668456e-16,
                        -4.999749871595935,
                        1.027823577434924e-16
                    ],
                    [
                        -1.1015493340933966e-16,
                        1.027823577434924e-16,
                        -4.999749871595935
                    ]
                ],
                [
                    [
                        -4.999749871595935,
                        -1.649749012589336e-16,
                        -6.715547701065184e-16
                    ],
                    [
                        -1.649749012589336e-16,
                        -4.999749871595935,
                        -3.6407506027808944e-16
                    ],
                    [
                        -6.715547701065184e-16,
                        -3.6407506027808944e-16,
                        -4.999749871595935
                    ]
                ]
            ]
        },
        "stress": {
            "@module": "numpy",
            "@class": "array",
            "dtype": "float64",
            "data": [
                [
                    [
                        -226.37706,
                        2.4731005e-14,
                        -4.9875595e-15
                    ],
                    [
                        2.4731005e-14,
                        -226.37706,
                        4.6537464e-15
                    ],
                    [
                        -4.9875595e-15,
                        4.6537464e-15,
                        -226.37706
                    ]
                ],
                [
                    [
                        -226.37706,
                        -7.469680300000001e-15,
                        -3.0406440000000003e-14
                    ],
                    [
                        -7.469680300000001e-15,
                        -226.37706,
                        -1.6484473000000002e-14
                    ],
                    [
                        -3.0406440000000003e-14,
                        -1.6484473000000002e-14,
                        -226.37706
                    ]
                ]
            ]
        }
    }
}