{
    "@module": "dpdata.system",
    "@class": "LabeledSystem",
    "data": {
        "atom_numbs": [
            2
        ],
        "atom_names": [
            "Mo"
        ],
        "atom_types": {
            "@module": "numpy",
            "@class": "array",
            "dtype": "int64",
            "data": [
                0,
                0
            ]
        },
        "orig": {
            "@module": "numpy",
            "@class": "array",
            "dtype": "int64",
            "data": [
                0,
                0,
                0
            ]
        },
        "cells": {
            "@module": "numpy",
            "@class": "array",
            "dtype": "float64",
            "data": [
                [
                    [
                        2.8464945942,
                        0.0,
                        0.0
                    ],
                    [
                        0.0,
                        2.8464945942,
                        0.0
                    ],
                    [
                        0.0,
                        0.0,
                        2.8464945942
                    ]
                ],
                [
                    [
                        2.8464945942,
                        0.0,
                        0.0
                    ],
                    [
                        0.0,
                        2.8464945942,
                        0.0
                    ],
                    [
                        0.0,
                        0.0,
                        2.8464945942
                    ]
                ]
            ]
        },
        "coords": {
            "@module": "numpy",
            "@class": "array",
            "dtype": "float64",
            "data": [
                [
                    [
                        0.0,
                        0.0,
                        0.0
                    ],
                    [
                        1.4232472971,
                        1.4232472971,
                        1.4232472971
                    ]
                ],
                [
                    [
                        9.70014195338505e-17,
                        8.904432854522384e-18,
                        -2.661839643379652e-17
                    ],
                    [
                        1.4232472971,
                        1.4232472971,
                        1.4232472971
                    ]
                ]
            ]
        },
        "energies": {
            "@module": "numpy",
            "@class": "array",
            "dtype": "float64",
            "data": [
                -17.870652,
                -17.870652
            ]
        },
        "forces": {
            "@module": "numpy",
            "@class": "array",
            "dtype": "float64",
            "data": [
                [
                    [
                        1.77636e-15,
                        1.63064e-16,
                        -4.87455e-16
                    ],
                    [
                        -1.77636e-15,
                        9.60169e-16,
                        -1.94256e-16
                    ]
                ],
                [
                    [
                        8.88178e-16,
                        6.9389e-17,
                        -2.8536e-16
                    ],
                    [
                        -2.22045e-16,
                        -4.38017e-16,
                        -5.412e-16
                    ]
                ]
            ]
        },
        "virials": {
            "@module": "numpy",
            "@class": "array",
            "dtype": "float64",
            "data": [
                [
                    [
                        43.3420164628615,
                        -6.982261440253713e-17,
                        -3.4694466488810444e-16
                    ],
                    [
                        -6.982261440253713e-17,
                        43.3420164628615,
                        2.081667960538028e-16
                    ],
                    [
                        -3.4694466488810444e-16,
                        2.081667960538028e-16,
                        43.3420164628615
                    ]
                ],
                [
                    [
                        43.3420164628615,
                        7.502678430388219e-17,
                        -3.5214883910803934e-16
                    ],
                    [
                        7.502678430388219e-17,
                        43.3420164628615,
                        -1.3149202924498263e-15
                    ],
                    [
                        -3.5214883910803934e-16,
                        -1.3149202924498263e-15,
                        43.3420164628615
                    ]
                ]
            ]
        },
        "stress": {
            "@module": "numpy",
            "@class": "array",
            "dtype": "float64",
            "data": [
                [
                    [
                        3010.8451,
                        -4.8503760000000005e-15,
                        -2.4101247e-14
                    ],
                    [
                        -4.8503760000000005e-15,
                        3010.8451,
                        1.4460748e-14
                    ],
                    [
                        -2.4101247e-14,
                        1.4460748e-14,
                        3010.8451
                    ]
                ],
                [
                    [
                        3010.8451,
                        5.2118946999999995e-15,
                        -2.4462765999999998e-14
                    ],
                    [
                        5.2118946999999995e-15,
                        3010.8451,
                        -9.134372700000001e-14
                    ],
                    [
                        -2.4462765999999998e-14,
                        -9.134372700000001e-14,
                        3010.8451
                    ]
                ]
            ]
        }
    }
}