{
    "@module": "dpdata.system",
    "@class": "LabeledSystem",
    "data": {
        "atom_numbs": [
            2
        ],
        "atom_names": [
            "Mo"
        ],
        "atom_types": {
            "@module": "numpy",
            "@class": "array",
            "dtype": "int64",
            "data": [
                0,
                0
            ]
        },
        "orig": {
            "@module": "numpy",
            "@class": "array",
            "dtype": "int64",
            "data": [
                0,
                0,
                0
            ]
        },
        "cells": {
            "@module": "numpy",
            "@class": "array",
            "dtype": "float64",
            "data": [
                [
                    [
                        2.9589709002,
                        0.0,
                        0.0
                    ],
                    [
                        0.0,
                        2.9589709002,
                        0.0
                    ],
                    [
                        0.0,
                        0.0,
                        2.9589709002
                    ]
                ],
                [
                    [
                        2.9589709002,
                        0.0,
                        0.0
                    ],
                    [
                        0.0,
                        2.9589709002,
                        0.0
                    ],
                    [
                        0.0,
                        0.0,
                        2.9589709002
                    ]
                ]
            ]
        },
        "coords": {
            "@module": "numpy",
            "@class": "array",
            "dtype": "float64",
            "data": [
                [
                    [
                        0.0,
                        0.0,
                        0.0
                    ],
                    [
                        1.4794854501,
                        1.4794854501,
                        1.4794854501
                    ]
                ],
                [
                    [
                        0.0,
                        0.0,
                        0.0
                    ],
                    [
                        1.4794854501,
                        1.4794854501,
                        1.4794854501
                    ]
                ]
            ]
        },
        "energies": {
            "@module": "numpy",
            "@class": "array",
            "dtype": "float64",
            "data": [
                -20.630338,
                -20.630338
            ]
        },
        "forces": {
            "@module": "numpy",
            "@class": "array",
            "dtype": "float64",
            "data": [
                [
                    [
                        -4.44089e-16,
                        -1.66533e-16,
                        -7.21777e-16
                    ],
                    [
                        7.21645e-16,
                        2.9989e-16,
                        5.00138e-16
                    ]
                ],
                [
                    [
                        0.0,
                        -2.35922e-16,
                        -3.38606e-16
                    ],
                    [
                        5.55112e-17,
                        1.45825e-16,
                        2.97145e-16
                    ]
                ]
            ]
        },
        "virials": {
            "@module": "numpy",
            "@class": "array",
            "dtype": "float64",
            "data": [
                [
                    [
                        12.64465316388066,
                        2.013634407499906e-16,
                        2.5370329658761802e-17
                    ],
                    [
                        2.013634407499906e-16,
                        12.64465316388066,
                        -7.155733774131922e-17
                    ],
                    [
                        2.5370329658761802e-17,
                        -7.155733774131922e-17,
                        12.64465316388066
                    ]
                ],
                [
                    [
                        12.64465316388066,
                        -1.143562148900361e-16,
                        -1.8019438756328839e-16
                    ],
                    [
                        -1.143562148900361e-16,
                        12.64465316388066,
                        -7.87564402692533e-16
                    ],
                    [
                        -1.8019438756328839e-16,
                        -7.87564402692533e-16,
                        12.64465316388066
                    ]
                ]
            ]
        },
        "stress": {
            "@module": "numpy",
            "@class": "array",
            "dtype": "float64",
            "data": [
                [
                    [
                        781.97925,
                        1.2452855e-14,
                        1.5689692e-15
                    ],
                    [
                        1.2452855e-14,
                        781.97925,
                        -4.4252976e-15
                    ],
                    [
                        1.5689692e-15,
                        -4.4252976e-15,
                        781.97925
                    ]
                ],
                [
                    [
                        781.97925,
                        -7.072094899999999e-15,
                        -1.1143704000000001e-14
                    ],
                    [
                        -7.072094899999999e-15,
                        781.97925,
                        -4.8705093999999995e-14
                    ],
                    [
                        -1.1143704000000001e-14,
                        -4.8705093999999995e-14,
                        781.97925
                    ]
                ]
            ]
        }
    }
}