{
    "@module": "dpdata.system",
    "@class": "LabeledSystem",
    "data": {
        "atom_numbs": [
            2
        ],
        "atom_names": [
            "Mo"
        ],
        "atom_types": {
            "@module": "numpy",
            "@class": "array",
            "dtype": "int64",
            "data": [
                0,
                0
            ]
        },
        "orig": {
            "@module": "numpy",
            "@class": "array",
            "dtype": "int64",
            "data": [
                0,
                0,
                0
            ]
        },
        "cells": {
            "@module": "numpy",
            "@class": "array",
            "dtype": "float64",
            "data": [
                [
                    [
                        3.2633749215,
                        0.0,
                        0.0
                    ],
                    [
                        0.0,
                        3.2633749215,
                        0.0
                    ],
                    [
                        0.0,
                        0.0,
                        3.2633749215
                    ]
                ],
                [
                    [
                        3.2633749215,
                        0.0,
                        0.0
                    ],
                    [
                        0.0,
                        3.2633749215,
                        0.0
                    ],
                    [
                        0.0,
                        0.0,
                        3.2633749215
                    ]
                ]
            ]
        },
        "coords": {
            "@module": "numpy",
            "@class": "array",
            "dtype": "float64",
            "data": [
                [
                    [
                        0.0,
                        0.0,
                        0.0
                    ],
                    [
                        1.63168746075,
                        1.63168746075,
                        1.63168746075
                    ]
                ],
                [
                    [
                        -2.5000029964877984e-11,
                        -2.499999733112877e-11,
                        -2.5000095232376416e-11
                    ],
                    [
                        1.63168746075,
                        1.63168746075,
                        1.63168746075
                    ]
                ]
            ]
        },
        "energies": {
            "@module": "numpy",
            "@class": "array",
            "dtype": "float64",
            "data": [
                -21.621871,
                -21.621871
            ]
        },
        "forces": {
            "@module": "numpy",
            "@class": "array",
            "dtype": "float64",
            "data": [
                [
                    [
                        -2.17447e-10,
                        -2.17447e-10,
                        -2.17447e-10
                    ],
                    [
                        2.17447e-10,
                        2.17447e-10,
                        2.17447e-10
                    ]
                ],
                [
                    [
                        2.22045e-16,
                        2.49638e-16,
                        2.59558e-16
                    ],
                    [
                        -2.22045e-16,
                        -3.32145e-16,
                        -2.56902e-16
                    ]
                ]
            ]
        },
        "virials": {
            "@module": "numpy",
            "@class": "array",
            "dtype": "float64",
            "data": [
                [
                    [
                        -4.239228475762263,
                        -2.4614098952983645e-16,
                        -4.865899002264076e-16
                    ],
                    [
                        -2.4614098952983645e-16,
                        -4.239228475762263,
                        -5.259464356361451e-16
                    ],
                    [
                        -4.865899002264076e-16,
                        -5.259464356361451e-16,
                        -4.239228475762263
                    ]
                ],
                [
                    [
                        -4.239228475762263,
                        3.70580275135714e-16,
                        2.9707137518411946e-16
                    ],
                    [
                        3.70580275135714e-16,
                        -4.239228475762263,
                        1.986258229765016e-16
                    ],
                    [
                        2.9707137518411946e-16,
                        1.986258229765016e-16,
                        -4.239228475762263
                    ]
                ]
            ]
        },
        "stress": {
            "@module": "numpy",
            "@class": "array",
            "dtype": "float64",
            "data": [
                [
                    [
                        -195.43228,
                        -1.1347323000000001e-14,
                        -2.2432236e-14
                    ],
                    [
                        -1.1347323000000001e-14,
                        -195.43228,
                        -2.4246608e-14
                    ],
                    [
                        -2.2432236e-14,
                        -2.4246608e-14,
                        -195.43228
                    ]
                ],
                [
                    [
                        -195.43228,
                        1.7084087e-14,
                        1.3695260000000001e-14
                    ],
                    [
                        1.7084087e-14,
                        -195.43228,
                        9.1568307e-15
                    ],
                    [
                        1.3695260000000001e-14,
                        9.1568307e-15,
                        -195.43228
                    ]
                ]
            ]
        }
    }
}