{
    "@module": "dpdata.system",
    "@class": "LabeledSystem",
    "data": {
        "atom_numbs": [
            2
        ],
        "atom_names": [
            "Mo"
        ],
        "atom_types": {
            "@module": "numpy",
            "@class": "array",
            "dtype": "int64",
            "data": [
                0,
                0
            ]
        },
        "orig": {
            "@module": "numpy",
            "@class": "array",
            "dtype": "int64",
            "data": [
                0,
                0,
                0
            ]
        },
        "cells": {
            "@module": "numpy",
            "@class": "array",
            "dtype": "float64",
            "data": [
                [
                    [
                        3.0179299907,
                        0.0,
                        0.0
                    ],
                    [
                        0.0,
                        3.0179299907,
                        0.0
                    ],
                    [
                        0.0,
                        0.0,
                        3.0179299907
                    ]
                ],
                [
                    [
                        3.0179299907,
                        0.0,
                        0.0
                    ],
                    [
                        0.0,
                        3.0179299907,
                        0.0
                    ],
                    [
                        0.0,
                        0.0,
                        3.0179299907
                    ]
                ]
            ]
        },
        "coords": {
            "@module": "numpy",
            "@class": "array",
            "dtype": "float64",
            "data": [
                [
                    [
                        0.0,
                        0.0,
                        0.0
                    ],
                    [
                        1.50896499535,
                        1.50896499535,
                        1.50896499535
                    ]
                ],
                [
                    [
                        -2.499989827766075e-11,
                        -2.499992845696066e-11,
                        -2.499992845696066e-11
                    ],
                    [
                        1.50896499535,
                        1.50896499535,
                        1.50896499535
                    ]
                ]
            ]
        },
        "energies": {
            "@module": "numpy",
            "@class": "array",
            "dtype": "float64",
            "data": [
                -21.268019,
                -21.268019
            ]
        },
        "forces": {
            "@module": "numpy",
            "@class": "array",
            "dtype": "float64",
            "data": [
                [
                    [
                        -5.18236e-10,
                        -5.18236e-10,
                        -5.18236e-10
                    ],
                    [
                        5.18236e-10,
                        5.18236e-10,
                        5.18236e-10
                    ]
                ],
                [
                    [
                        -8.88178e-16,
                        -5.74193e-16,
                        -1.27327e-15
                    ],
                    [
                        9.71445e-16,
                        6.46351e-16,
                        1.3295e-15
                    ]
                ]
            ]
        },
        "virials": {
            "@module": "numpy",
            "@class": "array",
            "dtype": "float64",
            "data": [
                [
                    [
                        8.418571555909091,
                        1.7172236976503423e-16,
                        -3.155705637578454e-16
                    ],
                    [
                        1.7172236976503423e-16,
                        8.418571555909091,
                        -2.5009832219742487e-16
                    ],
                    [
                        -3.155705637578454e-16,
                        -2.5009832219742487e-16,
                        8.418571555909091
                    ]
                ],
                [
                    [
                        8.418571555909091,
                        -8.431314548982668e-16,
                        -5.133154748733598e-16
                    ],
                    [
                        -8.431314548982668e-16,
                        8.418571555909091,
                        2.4726584256114385e-16
                    ],
                    [
                        -5.133154748733598e-16,
                        2.4726584256114385e-16,
                        8.418571555909091
                    ]
                ]
            ]
        },
        "stress": {
            "@module": "numpy",
            "@class": "array",
            "dtype": "float64",
            "data": [
                [
                    [
                        490.70594,
                        1.000944e-14,
                        -1.8394136e-14
                    ],
                    [
                        1.000944e-14,
                        490.70594,
                        -1.4577857e-14
                    ],
                    [
                        -1.8394136e-14,
                        -1.4577857e-14,
                        490.70594
                    ]
                ],
                [
                    [
                        490.70594,
                        -4.9144871e-14,
                        -2.9920391e-14
                    ],
                    [
                        -4.9144871e-14,
                        490.70594,
                        1.4412756e-14
                    ],
                    [
                        -2.9920391e-14,
                        1.4412756e-14,
                        490.70594
                    ]
                ]
            ]
        }
    }
}