{
    "@module": "dpdata.system",
    "@class": "LabeledSystem",
    "data": {
        "atom_numbs": [
            2
        ],
        "atom_names": [
            "Mo"
        ],
        "atom_types": {
            "@module": "numpy",
            "@class": "array",
            "dtype": "int64",
            "data": [
                0,
                0
            ]
        },
        "orig": {
            "@module": "numpy",
            "@class": "array",
            "dtype": "int64",
            "data": [
                0,
                0,
                0
            ]
        },
        "cells": {
            "@module": "numpy",
            "@class": "array",
            "dtype": "float64",
            "data": [
                [
                    [
                        3.4054361952,
                        0.0,
                        0.0
                    ],
                    [
                        0.0,
                        3.4054361952,
                        0.0
                    ],
                    [
                        0.0,
                        0.0,
                        3.4054361952
                    ]
                ],
                [
                    [
                        3.4054361952,
                        0.0,
                        0.0
                    ],
                    [
                        0.0,
                        3.4054361952,
                        0.0
                    ],
                    [
                        0.0,
                        0.0,
                        3.4054361952
                    ]
                ]
            ]
        },
        "coords": {
            "@module": "numpy",
            "@class": "array",
            "dtype": "float64",
            "data": [
                [
                    [
                        0.0,
                        0.0,
                        0.0
                    ],
                    [
                        1.7027180976,
                        1.7027180976,
                        1.7027180976
                    ]
                ],
                [
                    [
                        0.0,
                        0.0,
                        0.0
                    ],
                    [
                        1.7027180976,
                        1.7027180976,
                        1.7027180976
                    ]
                ]
            ]
        },
        "energies": {
            "@module": "numpy",
            "@class": "array",
            "dtype": "float64",
            "data": [
                -20.760617,
                -20.760617
            ]
        },
        "forces": {
            "@module": "numpy",
            "@class": "array",
            "dtype": "float64",
            "data": [
                [
                    [
                        0.0,
                        1.10372e-16,
                        -6.00106e-17
                    ],
                    [
                        -1.11022e-16,
                        -1.0365e-16,
                        2.28631e-17
                    ]
                ],
                [
                    [
                        0.0,
                        1.10372e-16,
                        -6.00106e-17
                    ],
                    [
                        -1.11022e-16,
                        -1.0365e-16,
                        2.28631e-17
                    ]
                ]
            ]
        },
        "virials": {
            "@module": "numpy",
            "@class": "array",
            "dtype": "float64",
            "data": [
                [
                    [
                        -8.88976509401133,
                        9.215717807558277e-18,
                        8.782036984055231e-18
                    ],
                    [
                        9.215717807558277e-18,
                        -8.88976509401133,
                        1.5796824445951528e-16
                    ],
                    [
                        8.782036984055231e-18,
                        1.5796824445951528e-16,
                        -8.88976509401133
                    ]
                ],
                [
                    [
                        -8.88976509401133,
                        9.215717807558277e-18,
                        8.782036984055231e-18
                    ],
                    [
                        9.215717807558277e-18,
                        -8.88976509401133,
                        1.5796824445951528e-16
                    ],
                    [
                        8.782036984055231e-18,
                        1.5796824445951528e-16,
                        -8.88976509401133
                    ]
                ]
            ]
        },
        "stress": {
            "@module": "numpy",
            "@class": "array",
            "dtype": "float64",
            "data": [
                [
                    [
                        -360.64709000000005,
                        3.738706e-16,
                        3.5627669e-16
                    ],
                    [
                        3.738706e-16,
                        -360.64709000000005,
                        6.4085819e-15
                    ],
                    [
                        3.5627669e-16,
                        6.4085819e-15,
                        -360.64709000000005
                    ]
                ],
                [
                    [
                        -360.64709000000005,
                        3.738706e-16,
                        3.5627669e-16
                    ],
                    [
                        3.738706e-16,
                        -360.64709000000005,
                        6.4085819e-15
                    ],
                    [
                        3.5627669e-16,
                        6.4085819e-15,
                        -360.64709000000005
                    ]
                ]
            ]
        }
    }
}