{
    "@module": "dpdata.system",
    "@class": "LabeledSystem",
    "data": {
        "atom_numbs": [
            2
        ],
        "atom_names": [
            "Mo"
        ],
        "atom_types": {
            "@module": "numpy",
            "@class": "array",
            "dtype": "int64",
            "data": [
                0,
                0
            ]
        },
        "orig": {
            "@module": "numpy",
            "@class": "array",
            "dtype": "int64",
            "data": [
                0,
                0,
                0
            ]
        },
        "cells": {
            "@module": "numpy",
            "@class": "array",
            "dtype": "float64",
            "data": [
                [
                    [
                        3.4590739117,
                        0.0,
                        0.0
                    ],
                    [
                        0.0,
                        3.4590739117,
                        0.0
                    ],
                    [
                        0.0,
                        0.0,
                        3.4590739117
                    ]
                ],
                [
                    [
                        3.4590739117,
                        0.0,
                        0.0
                    ],
                    [
                        0.0,
                        3.4590739117,
                        0.0
                    ],
                    [
                        0.0,
                        0.0,
                        3.4590739117
                    ]
                ]
            ]
        },
        "coords": {
            "@module": "numpy",
            "@class": "array",
            "dtype": "float64",
            "data": [
                [
                    [
                        0.0,
                        0.0,
                        0.0
                    ],
                    [
                        1.72953695585,
                        1.72953695585,
                        1.72953695585
                    ]
                ],
                [
                    [
                        2.5000283743116166e-11,
                        2.500024915237705e-11,
                        2.500021456163793e-11
                    ],
                    [
                        1.72953695585,
                        1.72953695585,
                        1.72953695585
                    ]
                ]
            ]
        },
        "energies": {
            "@module": "numpy",
            "@class": "array",
            "dtype": "float64",
            "data": [
                -20.305013,
                -20.305013
            ]
        },
        "forces": {
            "@module": "numpy",
            "@class": "array",
            "dtype": "float64",
            "data": [
                [
                    [
                        4.28475e-11,
                        4.28475e-11,
                        4.28474e-11
                    ],
                    [
                        -4.28476e-11,
                        -4.28476e-11,
                        -4.28472e-11
                    ]
                ],
                [
                    [
                        -4.44089e-16,
                        -8.67367e-18,
                        2.12287e-16
                    ],
                    [
                        2.22045e-16,
                        -1.80845e-16,
                        -2.4535e-16
                    ]
                ]
            ]
        },
        "virials": {
            "@module": "numpy",
            "@class": "array",
            "dtype": "float64",
            "data": [
                [
                    [
                        -10.69456203862289,
                        -6.172753996731011e-16,
                        -1.5221590602865029e-15
                    ],
                    [
                        -6.172753996731011e-16,
                        -10.69456203862289,
                        -1.4050660944662008e-15
                    ],
                    [
                        -1.5221590602865029e-15,
                        -1.4050660944662008e-15,
                        -10.69456203862289
                    ]
                ],
                [
                    [
                        -10.69456203862289,
                        1.6060052371121959e-15,
                        5.846869043647297e-16
                    ],
                    [
                        1.6060052371121959e-15,
                        -10.69456203862289,
                        -3.724471352417513e-16
                    ],
                    [
                        5.846869043647297e-16,
                        -3.724471352417513e-16,
                        -10.69456203862289
                    ]
                ]
            ]
        },
        "stress": {
            "@module": "numpy",
            "@class": "array",
            "dtype": "float64",
            "data": [
                [
                    [
                        -413.99383,
                        -2.3895154e-14,
                        -5.8923821e-14
                    ],
                    [
                        -2.3895154e-14,
                        -413.99383,
                        -5.4391072e-14
                    ],
                    [
                        -5.8923821e-14,
                        -5.4391072e-14,
                        -413.99383
                    ]
                ],
                [
                    [
                        -413.99383,
                        6.216956399999999e-14,
                        2.2633631e-14
                    ],
                    [
                        6.216956399999999e-14,
                        -413.99383,
                        -1.4417684e-14
                    ],
                    [
                        2.2633631e-14,
                        -1.4417684e-14,
                        -413.99383
                    ]
                ]
            ]
        }
    }
}