{
    "@module": "dpdata.system",
    "@class": "LabeledSystem",
    "data": {
        "atom_numbs": [
            2
        ],
        "atom_names": [
            "Mo"
        ],
        "atom_types": {
            "@module": "numpy",
            "@class": "array",
            "dtype": "int64",
            "data": [
                0,
                0
            ]
        },
        "orig": {
            "@module": "numpy",
            "@class": "array",
            "dtype": "int64",
            "data": [
                0,
                0,
                0
            ]
        },
        "cells": {
            "@module": "numpy",
            "@class": "array",
            "dtype": "float64",
            "data": [
                [
                    [
                        2.9100533048,
                        0.0,
                        0.0
                    ],
                    [
                        0.0,
                        2.9100533048,
                        0.0
                    ],
                    [
                        0.0,
                        0.0,
                        2.9100533048
                    ]
                ],
                [
                    [
                        2.9100533048,
                        0.0,
                        0.0
                    ],
                    [
                        0.0,
                        2.9100533048,
                        0.0
                    ],
                    [
                        0.0,
                        0.0,
                        2.9100533048
                    ]
                ]
            ]
        },
        "coords": {
            "@module": "numpy",
            "@class": "array",
            "dtype": "float64",
            "data": [
                [
                    [
                        0.0,
                        0.0,
                        0.0
                    ],
                    [
                        1.4550266524,
                        1.4550266524,
                        1.4550266524
                    ]
                ],
                [
                    [
                        0.0,
                        0.0,
                        0.0
                    ],
                    [
                        1.4550266524,
                        1.4550266524,
                        1.4550266524
                    ]
                ]
            ]
        },
        "energies": {
            "@module": "numpy",
            "@class": "array",
            "dtype": "float64",
            "data": [
                -19.866272,
                -19.866272
            ]
        },
        "forces": {
            "@module": "numpy",
            "@class": "array",
            "dtype": "float64",
            "data": [
                [
                    [
                        0.0,
                        3.29597e-16,
                        2.87978e-16
                    ],
                    [
                        0.0,
                        -3.84892e-17,
                        -2.2874e-16
                    ]
                ],
                [
                    [
                        0.0,
                        3.29597e-16,
                        2.87978e-16
                    ],
                    [
                        0.0,
                        -3.84892e-17,
                        -2.2874e-16
                    ]
                ]
            ]
        },
        "virials": {
            "@module": "numpy",
            "@class": "array",
            "dtype": "float64",
            "data": [
                [
                    [
                        20.072478006725714,
                        -1.1091387341943038e-16,
                        1.7303864752853667e-16
                    ],
                    [
                        -1.1091387341943038e-16,
                        20.072478006725714,
                        -3.7296552376113365e-17
                    ],
                    [
                        1.7303864752853667e-16,
                        -3.7296552376113365e-17,
                        20.072478006725714
                    ]
                ],
                [
                    [
                        20.072478006725714,
                        -1.1091387341943038e-16,
                        1.7303864752853667e-16
                    ],
                    [
                        -1.1091387341943038e-16,
                        20.072478006725714,
                        -3.7296552376113365e-17
                    ],
                    [
                        1.7303864752853667e-16,
                        -3.7296552376113365e-17,
                        20.072478006725714
                    ]
                ]
            ]
        },
        "stress": {
            "@module": "numpy",
            "@class": "array",
            "dtype": "float64",
            "data": [
                [
                    [
                        1304.9941000000001,
                        -7.2109657e-15,
                        1.1249952e-14
                    ],
                    [
                        -7.2109657e-15,
                        1304.9941000000001,
                        -2.4248018000000003e-15
                    ],
                    [
                        1.1249952e-14,
                        -2.4248018000000003e-15,
                        1304.9941000000001
                    ]
                ],
                [
                    [
                        1304.9941000000001,
                        -7.2109657e-15,
                        1.1249952e-14
                    ],
                    [
                        -7.2109657e-15,
                        1304.9941000000001,
                        -2.4248018000000003e-15
                    ],
                    [
                        1.1249952e-14,
                        -2.4248018000000003e-15,
                        1304.9941000000001
                    ]
                ]
            ]
        }
    }
}