{
    "@module": "dpdata.system",
    "@class": "LabeledSystem",
    "data": {
        "atom_numbs": [
            2
        ],
        "atom_names": [
            "Mo"
        ],
        "atom_types": {
            "@module": "numpy",
            "@class": "array",
            "dtype": "int64",
            "data": [
                0,
                0
            ]
        },
        "orig": {
            "@module": "numpy",
            "@class": "array",
            "dtype": "int64",
            "data": [
                0,
                0,
                0
            ]
        },
        "cells": {
            "@module": "numpy",
            "@class": "array",
            "dtype": "float64",
            "data": [
                [
                    [
                        3.1613269234,
                        0.0,
                        0.0
                    ],
                    [
                        0.0,
                        3.1613269234,
                        0.0
                    ],
                    [
                        0.0,
                        0.0,
                        3.1613269234
                    ]
                ],
                [
                    [
                        3.1613269234,
                        0.0,
                        0.0
                    ],
                    [
                        0.0,
                        3.1613269234,
                        0.0
                    ],
                    [
                        0.0,
                        0.0,
                        3.1613269234
                    ]
                ]
            ]
        },
        "coords": {
            "@module": "numpy",
            "@class": "array",
            "dtype": "float64",
            "data": [
                [
                    [
                        0.0,
                        0.0,
                        0.0
                    ],
                    [
                        1.5806634617,
                        1.5806634617,
                        1.5806634617
                    ]
                ],
                [
                    [
                        0.0,
                        0.0,
                        0.0
                    ],
                    [
                        1.5806634617,
                        1.5806634617,
                        1.5806634617
                    ]
                ]
            ]
        },
        "energies": {
            "@module": "numpy",
            "@class": "array",
            "dtype": "float64",
            "data": [
                -21.83107,
                -21.83107
            ]
        },
        "forces": {
            "@module": "numpy",
            "@class": "array",
            "dtype": "float64",
            "data": [
                [
                    [
                        -2.77556e-16,
                        -3.48788e-16,
                        -5.69233e-16
                    ],
                    [
                        1.66533e-16,
                        4.14924e-16,
                        4.97567e-16
                    ]
                ],
                [
                    [
                        -2.77556e-16,
                        -3.48788e-16,
                        -5.69233e-16
                    ],
                    [
                        1.66533e-16,
                        4.15033e-16,
                        4.97567e-16
                    ]
                ]
            ]
        },
        "virials": {
            "@module": "numpy",
            "@class": "array",
            "dtype": "float64",
            "data": [
                [
                    [
                        1.3991107133856057e-10,
                        7.719518904525106e-17,
                        2.0946783453874743e-16
                    ],
                    [
                        7.719518904525106e-17,
                        1.399125049526176e-10,
                        -3.3306688032419686e-16
                    ],
                    [
                        2.0946783453874743e-16,
                        -3.3306688032419686e-16,
                        1.399122643736424e-10
                    ]
                ],
                [
                    [
                        1.3991107133856057e-10,
                        7.719518904525106e-17,
                        2.0946783453874743e-16
                    ],
                    [
                        7.719518904525106e-17,
                        1.399125049526176e-10,
                        -3.3306688032419686e-16
                    ],
                    [
                        2.0946783453874743e-16,
                        -3.3306688032419686e-16,
                        1.399122643736424e-10
                    ]
                ]
            ]
        },
        "stress": {
            "@module": "numpy",
            "@class": "array",
            "dtype": "float64",
            "data": [
                [
                    [
                        7.0950301000000005e-09,
                        3.9146451e-15,
                        1.0622323e-14
                    ],
                    [
                        3.9146451e-15,
                        7.0951028e-09,
                        -1.6890154000000002e-14
                    ],
                    [
                        1.0622323e-14,
                        -1.6890154000000002e-14,
                        7.0950906e-09
                    ]
                ],
                [
                    [
                        7.0950301000000005e-09,
                        3.9146451e-15,
                        1.0622323e-14
                    ],
                    [
                        3.9146451e-15,
                        7.0951028e-09,
                        -1.6890154000000002e-14
                    ],
                    [
                        1.0622323e-14,
                        -1.6890154000000002e-14,
                        7.0950906e-09
                    ]
                ]
            ]
        }
    }
}