{
    "@module": "dpdata.system",
    "@class": "LabeledSystem",
    "data": {
        "atom_numbs": [
            2
        ],
        "atom_names": [
            "Mo"
        ],
        "atom_types": {
            "@module": "numpy",
            "@class": "array",
            "dtype": "int64",
            "data": [
                0,
                0
            ]
        },
        "orig": {
            "@module": "numpy",
            "@class": "array",
            "dtype": "int64",
            "data": [
                0,
                0,
                0
            ]
        },
        "cells": {
            "@module": "numpy",
            "@class": "array",
            "dtype": "float64",
            "data": [
                [
                    [
                        3.2927762793,
                        0.0,
                        0.0
                    ],
                    [
                        0.0,
                        3.2927762793,
                        0.0
                    ],
                    [
                        0.0,
                        0.0,
                        3.2927762793
                    ]
                ],
                [
                    [
                        3.2927762793,
                        0.0,
                        0.0
                    ],
                    [
                        0.0,
                        3.2927762793,
                        0.0
                    ],
                    [
                        0.0,
                        0.0,
                        3.2927762793
                    ]
                ]
            ]
        },
        "coords": {
            "@module": "numpy",
            "@class": "array",
            "dtype": "float64",
            "data": [
                [
                    [
                        0.0,
                        0.0,
                        0.0
                    ],
                    [
                        1.64638813965,
                        1.64638813965,
                        1.64638813965
                    ]
                ],
                [
                    [
                        2.500007462295732e-11,
                        2.5000107550720112e-11,
                        2.500007462295732e-11
                    ],
                    [
                        1.64638813965,
                        1.64638813965,
                        1.64638813965
                    ]
                ]
            ]
        },
        "energies": {
            "@module": "numpy",
            "@class": "array",
            "dtype": "float64",
            "data": [
                -21.492527,
                -21.492527
            ]
        },
        "forces": {
            "@module": "numpy",
            "@class": "array",
            "dtype": "float64",
            "data": [
                [
                    [
                        1.60522e-10,
                        1.60522e-10,
                        1.60522e-10
                    ],
                    [
                        -1.60522e-10,
                        -1.60522e-10,
                        -1.60522e-10
                    ]
                ],
                [
                    [
                        2.22045e-16,
                        4.23489e-16,
                        2.28712e-16
                    ],
                    [
                        -2.22045e-16,
                        -1.47451e-16,
                        -2.18033e-16
                    ]
                ]
            ]
        },
        "virials": {
            "@module": "numpy",
            "@class": "array",
            "dtype": "float64",
            "data": [
                [
                    [
                        -5.371282073929042,
                        -2.7377458019813915e-16,
                        -2.068657584633658e-16
                    ],
                    [
                        -2.7377458019813915e-16,
                        -5.371282073929042,
                        -9.009719306458081e-17
                    ],
                    [
                        -2.068657584633658e-16,
                        -9.009719306458081e-17,
                        -5.371282073929042
                    ]
                ],
                [
                    [
                        -5.371282073929042,
                        3.129007340239157e-16,
                        3.092144350694419e-16
                    ],
                    [
                        3.129007340239157e-16,
                        -5.371282073929042,
                        2.8015782921462665e-16
                    ],
                    [
                        3.092144350694419e-16,
                        2.8015782921462665e-16,
                        -5.371282073929042
                    ]
                ]
            ]
        },
        "stress": {
            "@module": "numpy",
            "@class": "array",
            "dtype": "float64",
            "data": [
                [
                    [
                        -241.04697,
                        -1.2286179e-14,
                        -9.2835125e-15
                    ],
                    [
                        -1.2286179e-14,
                        -241.04697,
                        -4.0432908e-15
                    ],
                    [
                        -9.2835125e-15,
                        -4.0432908e-15,
                        -241.04697
                    ]
                ],
                [
                    [
                        -241.04697,
                        1.4042043e-14,
                        1.3876612999999999e-14
                    ],
                    [
                        1.4042043e-14,
                        -241.04697,
                        1.257264e-14
                    ],
                    [
                        1.3876612999999999e-14,
                        1.257264e-14,
                        -241.04697
                    ]
                ]
            ]
        }
    }
}