{
    "@module": "dpdata.system",
    "@class": "LabeledSystem",
    "data": {
        "atom_numbs": [
            2
        ],
        "atom_names": [
            "Mo"
        ],
        "atom_types": {
            "@module": "numpy",
            "@class": "array",
            "dtype": "int64",
            "data": [
                0,
                0
            ]
        },
        "orig": {
            "@module": "numpy",
            "@class": "array",
            "dtype": "int64",
            "data": [
                0,
                0,
                0
            ]
        },
        "cells": {
            "@module": "numpy",
            "@class": "array",
            "dtype": "float64",
            "data": [
                [
                    [
                        2.8594333838,
                        0.0,
                        0.0
                    ],
                    [
                        0.0,
                        2.8594333838,
                        0.0
                    ],
                    [
                        0.0,
                        0.0,
                        2.8594333838
                    ]
                ],
                [
                    [
                        2.8594333838,
                        0.0,
                        0.0
                    ],
                    [
                        0.0,
                        2.8594333838,
                        0.0
                    ],
                    [
                        0.0,
                        0.0,
                        2.8594333838
                    ]
                ]
            ]
        },
        "coords": {
            "@module": "numpy",
            "@class": "array",
            "dtype": "float64",
            "data": [
                [
                    [
                        0.0,
                        0.0,
                        0.0
                    ],
                    [
                        1.4297166919,
                        1.4297166919,
                        1.4297166919
                    ]
                ],
                [
                    [
                        0.0,
                        0.0,
                        0.0
                    ],
                    [
                        1.4297166919,
                        1.4297166919,
                        1.4297166919
                    ]
                ]
            ]
        },
        "energies": {
            "@module": "numpy",
            "@class": "array",
            "dtype": "float64",
            "data": [
                -18.41658,
                -18.41658
            ]
        },
        "forces": {
            "@module": "numpy",
            "@class": "array",
            "dtype": "float64",
            "data": [
                [
                    [
                        -8.88178e-16,
                        -9.88792e-16,
                        -3.09875e-16
                    ],
                    [
                        -2.22045e-16,
                        2.69762e-16,
                        6.47945e-16
                    ]
                ],
                [
                    [
                        -8.88178e-16,
                        -1.81626e-15,
                        -9.97693e-16
                    ],
                    [
                        -4.44089e-16,
                        9.58013e-16,
                        5.94168e-16
                    ]
                ]
            ]
        },
        "virials": {
            "@module": "numpy",
            "@class": "array",
            "dtype": "float64",
            "data": [
                [
                    [
                        36.887132670037616,
                        4.792173239781582e-16,
                        1.477984242422109e-15
                    ],
                    [
                        4.792173239781582e-16,
                        36.887132670037616,
                        5.898059360813874e-17
                    ],
                    [
                        1.477984242422109e-15,
                        5.898059360813874e-17,
                        36.887132670037616
                    ]
                ],
                [
                    [
                        36.887132670037616,
                        1.3678293630541597e-15,
                        9.679756299178488e-16
                    ],
                    [
                        1.3678293630541597e-15,
                        36.887132670037616,
                        1.5473731623446297e-15
                    ],
                    [
                        9.679756299178488e-16,
                        1.5473731623446297e-15,
                        36.887132670037616
                    ]
                ]
            ]
        },
        "stress": {
            "@module": "numpy",
            "@class": "array",
            "dtype": "float64",
            "data": [
                [
                    [
                        2527.8152999999998,
                        3.2839985e-14,
                        1.0128386e-13
                    ],
                    [
                        3.2839985e-14,
                        2527.8152999999998,
                        4.0418442999999994e-15
                    ],
                    [
                        1.0128386e-13,
                        4.0418442999999994e-15,
                        2527.8152999999998
                    ]
                ],
                [
                    [
                        2527.8152999999998,
                        9.3735125e-14,
                        6.6333798e-14
                    ],
                    [
                        9.3735125e-14,
                        2527.8152999999998,
                        1.0603897e-13
                    ],
                    [
                        6.6333798e-14,
                        1.0603897e-13,
                        2527.8152999999998
                    ]
                ]
            ]
        }
    }
}