{
    "@module": "dpdata.system",
    "@class": "LabeledSystem",
    "data": {
        "atom_numbs": [
            2
        ],
        "atom_names": [
            "Mo"
        ],
        "atom_types": {
            "@module": "numpy",
            "@class": "array",
            "dtype": "int64",
            "data": [
                0,
                0
            ]
        },
        "orig": {
            "@module": "numpy",
            "@class": "array",
            "dtype": "int64",
            "data": [
                0,
                0,
                0
            ]
        },
        "cells": {
            "@module": "numpy",
            "@class": "array",
            "dtype": "float64",
            "data": [
                [
                    [
                        3.1401093249,
                        0.0,
                        0.0
                    ],
                    [
                        0.0,
                        3.1401093249,
                        0.0
                    ],
                    [
                        0.0,
                        0.0,
                        3.1401093249
                    ]
                ],
                [
                    [
                        3.1401093249,
                        0.0,
                        0.0
                    ],
                    [
                        0.0,
                        3.1401093249,
                        0.0
                    ],
                    [
                        0.0,
                        0.0,
                        3.1401093249
                    ]
                ]
            ]
        },
        "coords": {
            "@module": "numpy",
            "@class": "array",
            "dtype": "float64",
            "data": [
                [
                    [
                        0.0,
                        0.0,
                        0.0
                    ],
                    [
                        1.57005466245,
                        1.57005466245,
                        1.57005466245
                    ]
                ],
                [
                    [
                        -2.5000074593471098e-11,
                        -2.50000117912846e-11,
                        -2.5000074593471098e-11
                    ],
                    [
                        1.57005466245,
                        1.57005466245,
                        1.57005466245
                    ]
                ]
            ]
        },
        "energies": {
            "@module": "numpy",
            "@class": "array",
            "dtype": "float64",
            "data": [
                -21.819669,
                -21.819669
            ]
        },
        "forces": {
            "@module": "numpy",
            "@class": "array",
            "dtype": "float64",
            "data": [
                [
                    [
                        -3.42738e-10,
                        -3.42737e-10,
                        -3.42738e-10
                    ],
                    [
                        3.42737e-10,
                        3.42737e-10,
                        3.42738e-10
                    ]
                ],
                [
                    [
                        -2.22045e-16,
                        2.8341e-16,
                        -3.54101e-16
                    ],
                    [
                        8.32667e-17,
                        -3.73833e-16,
                        4.04082e-16
                    ]
                ]
            ]
        },
        "virials": {
            "@module": "numpy",
            "@class": "array",
            "dtype": "float64",
            "data": [
                [
                    [
                        1.1432906760076993,
                        -6.2161372524273445e-16,
                        -5.068102704516205e-16
                    ],
                    [
                        -6.2161372524273445e-16,
                        1.1432906760076993,
                        -1.0261972820730507e-16
                    ],
                    [
                        -5.068102704516205e-16,
                        -1.0261972820730507e-16,
                        1.1432906760076993
                    ]
                ],
                [
                    [
                        1.1432906760076993,
                        6.418476309935415e-17,
                        3.0520288420320956e-17
                    ],
                    [
                        6.418476309935415e-17,
                        1.1432906760076993,
                        -4.705436986646525e-17
                    ],
                    [
                        3.0520288420320956e-17,
                        -4.705436986646525e-17,
                        1.1432906760076993
                    ]
                ]
            ]
        },
        "stress": {
            "@module": "numpy",
            "@class": "array",
            "dtype": "float64",
            "data": [
                [
                    [
                        59.160624000000006,
                        -3.2165971999999996e-14,
                        -2.6225362e-14
                    ],
                    [
                        -3.2165971999999996e-14,
                        59.160624000000006,
                        -5.3101519e-15
                    ],
                    [
                        -2.6225362e-14,
                        -5.3101519e-15,
                        59.160624000000006
                    ]
                ],
                [
                    [
                        59.160624000000006,
                        3.3212994e-15,
                        1.5793003e-15
                    ],
                    [
                        3.3212994e-15,
                        59.160624000000006,
                        -2.4348715e-15
                    ],
                    [
                        1.5793003e-15,
                        -2.4348715e-15,
                        59.160624000000006
                    ]
                ]
            ]
        }
    }
}