{
    "@module": "dpdata.system",
    "@class": "LabeledSystem",
    "data": {
        "atom_numbs": [
            2
        ],
        "atom_names": [
            "Mo"
        ],
        "atom_types": {
            "@module": "numpy",
            "@class": "array",
            "dtype": "int64",
            "data": [
                0,
                0
            ]
        },
        "orig": {
            "@module": "numpy",
            "@class": "array",
            "dtype": "int64",
            "data": [
                0,
                0,
                0
            ]
        },
        "cells": {
            "@module": "numpy",
            "@class": "array",
            "dtype": "float64",
            "data": [
                [
                    [
                        3.1623672675,
                        0.0,
                        0.0
                    ],
                    [
                        0.0,
                        3.1623672675,
                        0.0
                    ],
                    [
                        0.0,
                        0.0,
                        3.1623672675
                    ]
                ],
                [
                    [
                        3.161769932511963,
                        0.0,
                        0.0
                    ],
                    [
                        0.0,
                        3.161769932511963,
                        0.0
                    ],
                    [
                        0.0,
                        0.0,
                        3.161769932511963
                    ]
                ],
                [
                    [
                        3.1617699325125606,
                        0.0,
                        0.0
                    ],
                    [
                        0.0,
                        3.1617699325125606,
                        0.0
                    ],
                    [
                        0.0,
                        0.0,
                        3.1617699325125606
                    ]
                ],
                [
                    [
                        3.161769932512554,
                        0.0,
                        0.0
                    ],
                    [
                        -5.0946029545270506e-18,
                        3.1617699325125543,
                        0.0
                    ],
                    [
                        -1.7177678852134874e-18,
                        -2.231862446543566e-17,
                        3.161769932512554
                    ]
                ]
            ]
        },
        "coords": {
            "@module": "numpy",
            "@class": "array",
            "dtype": "float64",
            "data": [
                [
                    [
                        0.0,
                        0.0,
                        0.0
                    ],
                    [
                        1.58118363375,
                        1.58118363375,
                        1.58118363375
                    ]
                ],
                [
                    [
                        2.4984969978395355e-11,
                        2.4985001596094682e-11,
                        2.4985001596094682e-11
                    ],
                    [
                        1.5808849662559814,
                        1.5808849662559814,
                        1.5808849662559814
                    ]
                ],
                [
                    [
                        2.498576042088321e-11,
                        2.4985792038582537e-11,
                        2.4985792038582537e-11
                    ],
                    [
                        1.5808849662562803,
                        1.5808849662562803,
                        1.5808849662562803
                    ]
                ],
                [
                    [
                        2.4986677334163584e-11,
                        2.4986740569562236e-11,
                        2.4986740569562233e-11
                    ],
                    [
                        1.580884966256277,
                        1.5808849662562772,
                        1.580884966256277
                    ]
                ]
            ]
        },
        "energies": {
            "@module": "numpy",
            "@class": "array",
            "dtype": "float64",
            "data": [
                -21.819595,
                -21.819603,
                -21.819603,
                -21.819603
            ]
        },
        "forces": {
            "@module": "numpy",
            "@class": "array",
            "dtype": "float64",
            "data": [
                [
                    [
                        2.81271e-10,
                        2.81271e-10,
                        2.81271e-10
                    ],
                    [
                        -2.81271e-10,
                        -2.81271e-10,
                        -2.81272e-10
                    ]
                ],
                [
                    [
                        1.18044e-13,
                        1.18164e-13,
                        1.17915e-13
                    ],
                    [
                        -1.18017e-13,
                        -1.18276e-13,
                        -1.17921e-13
                    ]
                ],
                [
                    [
                        1.06637e-13,
                        1.09831e-13,
                        1.069e-13
                    ],
                    [
                        -1.06498e-13,
                        -1.09957e-13,
                        -1.06786e-13
                    ]
                ],
                [
                    [
                        9.56735e-14,
                        9.67393e-14,
                        9.37423e-14
                    ],
                    [
                        -9.57567e-14,
                        -9.6644e-14,
                        -9.37218e-14
                    ]
                ]
            ]
        },
        "virials": {
            "@module": "numpy",
            "@class": "array",
            "dtype": "float64",
            "data": [
                [
                    [
                        -0.028490678266838473,
                        7.576404198006525e-16,
                        8.68229032224408e-16
                    ],
                    [
                        7.576404198006525e-16,
                        -0.028490678266838473,
                        7.381247834752287e-16
                    ],
                    [
                        8.68229032224408e-16,
                        7.381247834752287e-16,
                        -0.028490678266838473
                    ]
                ],
                [
                    [
                        2.8483585805224854e-11,
                        1.0465802798162848e-15,
                        -4.1199679749975496e-17
                    ],
                    [
                        1.0465802798162848e-15,
                        2.848378900238309e-11,
                        2.667137096309767e-16
                    ],
                    [
                        -4.1199679749975496e-17,
                        2.667137096309767e-16,
                        2.84845149883465e-11
                    ]
                ],
                [
                    [
                        -1.9447907491082448e-13,
                        7.576404112765904e-16,
                        1.4424224692236998e-15
                    ],
                    [
                        7.576404112765904e-16,
                        -2.0170657884984304e-13,
                        4.887583117767643e-16
                    ],
                    [
                        1.4424224692236998e-15,
                        4.887583117767643e-16,
                        -1.9474698148641387e-13
                    ]
                ],
                [
                    [
                        2.862644721699685e-13,
                        2.893735465140259e-16,
                        -8.161873322890207e-16
                    ],
                    [
                        2.893735465140259e-16,
                        2.771669408381215e-13,
                        1.56125100341564e-16
                    ],
                    [
                        -8.161873322890207e-16,
                        1.56125100341564e-16,
                        2.885504204722522e-13
                    ]
                ]
            ]
        },
        "stress": {
            "@module": "numpy",
            "@class": "array",
            "dtype": "float64",
            "data": [
                [
                    [
                        -1.4433653,
                        3.8382796e-14,
                        4.3985322e-14
                    ],
                    [
                        3.8382796e-14,
                        -1.4433653,
                        3.7394114999999996e-14
                    ],
                    [
                        4.3985322e-14,
                        3.7394114999999996e-14,
                        -1.4433653
                    ]
                ],
                [
                    [
                        1.4438240000000001e-09,
                        5.3050824999999995e-14,
                        -2.0883988e-15
                    ],
                    [
                        5.3050824999999995e-14,
                        1.4438342999999999e-09,
                        1.3519634e-14
                    ],
                    [
                        -2.0883988e-15,
                        1.3519634e-14,
                        1.4438711e-09
                    ]
                ],
                [
                    [
                        -9.858083099999999e-12,
                        3.8404554000000006e-14,
                        7.3115941e-14
                    ],
                    [
                        3.8404554000000006e-14,
                        -1.0224443e-11,
                        2.4775005e-14
                    ],
                    [
                        7.3115941e-14,
                        2.4775005e-14,
                        -9.871663200000001e-12
                    ]
                ],
                [
                    [
                        1.4510656e-11,
                        1.4668254e-14,
                        -4.1372279e-14
                    ],
                    [
                        1.4668254e-14,
                        1.4049505e-11,
                        7.9139322e-15
                    ],
                    [
                        -4.1372279e-14,
                        7.9139322e-15,
                        1.462653e-11
                    ]
                ]
            ]
        }
    }
}