{
    "@module": "dpdata.system",
    "@class": "LabeledSystem",
    "data": {
        "atom_numbs": [
            2
        ],
        "atom_names": [
            "Mo"
        ],
        "atom_types": {
            "@module": "numpy",
            "@class": "array",
            "dtype": "int64",
            "data": [
                0,
                0
            ]
        },
        "orig": {
            "@module": "numpy",
            "@class": "array",
            "dtype": "int64",
            "data": [
                0,
                0,
                0
            ]
        },
        "cells": {
            "@module": "numpy",
            "@class": "array",
            "dtype": "float64",
            "data": [
                [
                    [
                        2.9946245819,
                        0.0,
                        0.0
                    ],
                    [
                        0.0,
                        2.9946245819,
                        0.0
                    ],
                    [
                        0.0,
                        0.0,
                        2.9946245819
                    ]
                ],
                [
                    [
                        2.9946245819,
                        0.0,
                        0.0
                    ],
                    [
                        0.0,
                        2.9946245819,
                        0.0
                    ],
                    [
                        0.0,
                        0.0,
                        2.9946245819
                    ]
                ]
            ]
        },
        "coords": {
            "@module": "numpy",
            "@class": "array",
            "dtype": "float64",
            "data": [
                [
                    [
                        0.0,
                        0.0,
                        0.0
                    ],
                    [
                        1.49731229095,
                        1.49731229095,
                        1.49731229095
                    ]
                ],
                [
                    [
                        -2.500008428956741e-11,
                        -2.5000144182059047e-11,
                        -2.500008428956741e-11
                    ],
                    [
                        1.49731229095,
                        1.49731229095,
                        1.49731229095
                    ]
                ]
            ]
        },
        "energies": {
            "@module": "numpy",
            "@class": "array",
            "dtype": "float64",
            "data": [
                -21.050687,
                -21.050687
            ]
        },
        "forces": {
            "@module": "numpy",
            "@class": "array",
            "dtype": "float64",
            "data": [
                [
                    [
                        -5.40361e-10,
                        -5.40362e-10,
                        -5.40361e-10
                    ],
                    [
                        5.40361e-10,
                        5.40362e-10,
                        5.40361e-10
                    ]
                ],
                [
                    [
                        -5.10703e-15,
                        -1.63931e-15,
                        -5.04569e-15
                    ],
                    [
                        4.94049e-15,
                        1.41563e-15,
                        4.85699e-15
                    ]
                ]
            ]
        },
        "virials": {
            "@module": "numpy",
            "@class": "array",
            "dtype": "float64",
            "data": [
                [
                    [
                        10.337384021889862,
                        3.2445222345186987e-15,
                        2.030060074993274e-15
                    ],
                    [
                        3.2445222345186987e-15,
                        10.337384021889862,
                        3.7425029753733835e-15
                    ],
                    [
                        2.030060074993274e-15,
                        3.7425029753733835e-15,
                        10.337384021889862
                    ]
                ],
                [
                    [
                        10.337384021889862,
                        -2.4906832886107426e-16,
                        -1.5522521306602874e-15
                    ],
                    [
                        -2.4906832886107426e-16,
                        10.337384021889862,
                        3.869517227047924e-16
                    ],
                    [
                        -1.5522521306602874e-15,
                        3.869517227047924e-16,
                        10.337384021889862
                    ]
                ]
            ]
        },
        "stress": {
            "@module": "numpy",
            "@class": "array",
            "dtype": "float64",
            "data": [
                [
                    [
                        616.7283100000001,
                        1.9356819e-13,
                        1.2111338e-13
                    ],
                    [
                        1.9356819e-13,
                        616.7283100000001,
                        2.2327772000000002e-13
                    ],
                    [
                        1.2111338e-13,
                        2.2327772000000002e-13,
                        616.7283100000001
                    ]
                ],
                [
                    [
                        616.7283100000001,
                        -1.4859416e-14,
                        -9.2607359e-14
                    ],
                    [
                        -1.4859416e-14,
                        616.7283100000001,
                        2.3085539e-14
                    ],
                    [
                        -9.2607359e-14,
                        2.3085539e-14,
                        616.7283100000001
                    ]
                ]
            ]
        }
    }
}