{
    "@module": "dpdata.system",
    "@class": "LabeledSystem",
    "data": {
        "atom_numbs": [
            2
        ],
        "atom_names": [
            "Mo"
        ],
        "atom_types": {
            "@module": "numpy",
            "@class": "array",
            "dtype": "int64",
            "data": [
                0,
                0
            ]
        },
        "orig": {
            "@module": "numpy",
            "@class": "array",
            "dtype": "int64",
            "data": [
                0,
                0,
                0
            ]
        },
        "cells": {
            "@module": "numpy",
            "@class": "array",
            "dtype": "float64",
            "data": [
                [
                    [
                        3.3406430935,
                        0.0,
                        0.0
                    ],
                    [
                        0.0,
                        3.3406430935,
                        0.0
                    ],
                    [
                        0.0,
                        0.0,
                        3.3406430935
                    ]
                ],
                [
                    [
                        3.3406430935,
                        0.0,
                        0.0
                    ],
                    [
                        0.0,
                        3.3406430935,
                        0.0
                    ],
                    [
                        0.0,
                        0.0,
                        3.3406430935
                    ]
                ]
            ]
        },
        "coords": {
            "@module": "numpy",
            "@class": "array",
            "dtype": "float64",
            "data": [
                [
                    [
                        0.0,
                        0.0,
                        0.0
                    ],
                    [
                        1.67032154675,
                        1.67032154675,
                        1.67032154675
                    ]
                ],
                [
                    [
                        2.499996984165473e-11,
                        2.499990302879286e-11,
                        2.4999568964483512e-11
                    ],
                    [
                        1.67032154675,
                        1.67032154675,
                        1.67032154675
                    ]
                ]
            ]
        },
        "energies": {
            "@module": "numpy",
            "@class": "array",
            "dtype": "float64",
            "data": [
                -21.222215,
                -21.222215
            ]
        },
        "forces": {
            "@module": "numpy",
            "@class": "array",
            "dtype": "float64",
            "data": [
                [
                    [
                        8.82966e-11,
                        8.82964e-11,
                        8.82952e-11
                    ],
                    [
                        -8.82964e-11,
                        -8.82964e-11,
                        -8.82951e-11
                    ]
                ],
                [
                    [
                        -1.33227e-15,
                        -1.07539e-15,
                        1.19767e-15
                    ],
                    [
                        1.16573e-15,
                        1.13885e-15,
                        -1.0084e-15
                    ]
                ]
            ]
        },
        "virials": {
            "@module": "numpy",
            "@class": "array",
            "dtype": "float64",
            "data": [
                [
                    [
                        -7.073116536099314,
                        9.961513284846619e-16,
                        1.5860792373413789e-15
                    ],
                    [
                        9.961513284846619e-16,
                        -7.073116536099314,
                        1.4050174911960953e-15
                    ],
                    [
                        1.5860792373413789e-15,
                        1.4050174911960953e-15,
                        -7.073116536099314
                    ]
                ],
                [
                    [
                        -7.073116536099314,
                        8.174883720317681e-17,
                        5.643271831037607e-16
                    ],
                    [
                        8.174883720317681e-17,
                        -7.073116536099314,
                        2.141299121919551e-16
                    ],
                    [
                        5.643271831037607e-16,
                        2.141299121919551e-16,
                        -7.073116536099314
                    ]
                ]
            ]
        },
        "stress": {
            "@module": "numpy",
            "@class": "array",
            "dtype": "float64",
            "data": [
                [
                    [
                        -303.97017,
                        4.2810024e-14,
                        6.8162425e-14
                    ],
                    [
                        4.2810024e-14,
                        -303.97017,
                        6.038122e-14
                    ],
                    [
                        6.8162425e-14,
                        6.038122e-14,
                        -303.97017
                    ]
                ],
                [
                    [
                        -303.97017,
                        3.5131908e-15,
                        2.4252199e-14
                    ],
                    [
                        3.5131908e-15,
                        -303.97017,
                        9.2023234e-15
                    ],
                    [
                        2.4252199e-14,
                        9.2023234e-15,
                        -303.97017
                    ]
                ]
            ]
        }
    }
}