{
    "@module": "dpdata.system",
    "@class": "LabeledSystem",
    "data": {
        "atom_numbs": [
            2
        ],
        "atom_names": [
            "Mo"
        ],
        "atom_types": {
            "@module": "numpy",
            "@class": "array",
            "dtype": "int64",
            "data": [
                0,
                0
            ]
        },
        "orig": {
            "@module": "numpy",
            "@class": "array",
            "dtype": "int64",
            "data": [
                0,
                0,
                0
            ]
        },
        "cells": {
            "@module": "numpy",
            "@class": "array",
            "dtype": "float64",
            "data": [
                [
                    [
                        3.4765885086,
                        0.0,
                        0.0
                    ],
                    [
                        0.0,
                        3.4765885086,
                        0.0
                    ],
                    [
                        0.0,
                        0.0,
                        3.4765885086
                    ]
                ],
                [
                    [
                        3.4765885086,
                        0.0,
                        0.0
                    ],
                    [
                        0.0,
                        3.4765885086,
                        0.0
                    ],
                    [
                        0.0,
                        0.0,
                        3.4765885086
                    ]
                ]
            ]
        },
        "coords": {
            "@module": "numpy",
            "@class": "array",
            "dtype": "float64",
            "data": [
                [
                    [
                        0.0,
                        0.0,
                        0.0
                    ],
                    [
                        1.7382942543,
                        1.7382942543,
                        1.7382942543
                    ]
                ],
                [
                    [
                        0.0,
                        0.0,
                        0.0
                    ],
                    [
                        1.7382942543,
                        1.7382942543,
                        1.7382942543
                    ]
                ]
            ]
        },
        "energies": {
            "@module": "numpy",
            "@class": "array",
            "dtype": "float64",
            "data": [
                -20.137132,
                -20.137132
            ]
        },
        "forces": {
            "@module": "numpy",
            "@class": "array",
            "dtype": "float64",
            "data": [
                [
                    [
                        0.0,
                        5.76796e-17,
                        2.40693e-17
                    ],
                    [
                        -1.11022e-16,
                        7.22079e-17,
                        3.14419e-17
                    ]
                ],
                [
                    [
                        0.0,
                        5.76796e-17,
                        2.40693e-17
                    ],
                    [
                        -1.11022e-16,
                        7.22079e-17,
                        3.14419e-17
                    ]
                ]
            ]
        },
        "virials": {
            "@module": "numpy",
            "@class": "array",
            "dtype": "float64",
            "data": [
                [
                    [
                        -11.47777816815424,
                        7.112365844418102e-17,
                        7.285838124515258e-17
                    ],
                    [
                        7.112365844418102e-17,
                        -11.47777816815424,
                        4.19803048970379e-16
                    ],
                    [
                        7.285838124515258e-17,
                        4.19803048970379e-16,
                        -11.47777816815424
                    ]
                ],
                [
                    [
                        -11.47777816815424,
                        7.112365844418102e-17,
                        7.285838124515258e-17
                    ],
                    [
                        7.112365844418102e-17,
                        -11.47777816815424,
                        4.19803048970379e-16
                    ],
                    [
                        7.285838124515258e-17,
                        4.19803048970379e-16,
                        -11.47777816815424
                    ]
                ]
            ]
        },
        "stress": {
            "@module": "numpy",
            "@class": "array",
            "dtype": "float64",
            "data": [
                [
                    [
                        -437.63127000000003,
                        2.7118433999999997e-15,
                        2.7779859e-15
                    ],
                    [
                        2.7118433999999997e-15,
                        -437.63127000000003,
                        1.600649e-14
                    ],
                    [
                        2.7779859e-15,
                        1.600649e-14,
                        -437.63127000000003
                    ]
                ],
                [
                    [
                        -437.63127000000003,
                        2.7118433999999997e-15,
                        2.7779859e-15
                    ],
                    [
                        2.7118433999999997e-15,
                        -437.63127000000003,
                        1.600649e-14
                    ],
                    [
                        2.7779859e-15,
                        1.600649e-14,
                        -437.63127000000003
                    ]
                ]
            ]
        }
    }
}