{
    "@module": "dpdata.system",
    "@class": "LabeledSystem",
    "data": {
        "atom_numbs": [
            2
        ],
        "atom_names": [
            "Mo"
        ],
        "atom_types": {
            "@module": "numpy",
            "@class": "array",
            "dtype": "int64",
            "data": [
                0,
                0
            ]
        },
        "orig": {
            "@module": "numpy",
            "@class": "array",
            "dtype": "int64",
            "data": [
                0,
                0,
                0
            ]
        },
        "cells": {
            "@module": "numpy",
            "@class": "array",
            "dtype": "float64",
            "data": [
                [
                    [
                        2.7524370079,
                        0.0,
                        0.0
                    ],
                    [
                        0.0,
                        2.7524370079,
                        0.0
                    ],
                    [
                        0.0,
                        0.0,
                        2.7524370079
                    ]
                ],
                [
                    [
                        2.7524370079,
                        0.0,
                        0.0
                    ],
                    [
                        0.0,
                        2.7524370079,
                        0.0
                    ],
                    [
                        0.0,
                        0.0,
                        2.7524370079
                    ]
                ]
            ]
        },
        "coords": {
            "@module": "numpy",
            "@class": "array",
            "dtype": "float64",
            "data": [
                [
                    [
                        0.0,
                        0.0,
                        0.0
                    ],
                    [
                        1.37621850395,
                        1.37621850395,
                        1.37621850395
                    ]
                ],
                [
                    [
                        0.0,
                        0.0,
                        0.0
                    ],
                    [
                        1.37621850395,
                        1.37621850395,
                        1.37621850395
                    ]
                ]
            ]
        },
        "energies": {
            "@module": "numpy",
            "@class": "array",
            "dtype": "float64",
            "data": [
                -13.602577,
                -13.602577
            ]
        },
        "forces": {
            "@module": "numpy",
            "@class": "array",
            "dtype": "float64",
            "data": [
                [
                    [
                        -2.21135e-09,
                        -2.21135e-09,
                        -2.21135e-09
                    ],
                    [
                        2.21135e-09,
                        2.21135e-09,
                        2.21135e-09
                    ]
                ],
                [
                    [
                        -2.21135e-09,
                        -2.21135e-09,
                        -2.21135e-09
                    ],
                    [
                        2.21135e-09,
                        2.21135e-09,
                        2.21135e-09
                    ]
                ]
            ]
        },
        "virials": {
            "@module": "numpy",
            "@class": "array",
            "dtype": "float64",
            "data": [
                [
                    [
                        16.421173039487346,
                        2.574329494397328e-15,
                        -7.91033850428239e-16
                    ],
                    [
                        2.574329494397328e-15,
                        16.421173039487346,
                        -9.003214126215336e-16
                    ],
                    [
                        -7.91033850428239e-16,
                        -9.003214126215336e-16,
                        16.421173039487346
                    ]
                ],
                [
                    [
                        16.421173039487346,
                        3.5240904933870377e-15,
                        -8.092484376196574e-16
                    ],
                    [
                        3.5240904933870377e-15,
                        16.421173039487346,
                        1.457167626059876e-16
                    ],
                    [
                        -8.092484376196574e-16,
                        1.457167626059876e-16,
                        16.421173039487346
                    ]
                ]
            ]
        },
        "stress": {
            "@module": "numpy",
            "@class": "array",
            "dtype": "float64",
            "data": [
                [
                    [
                        1261.7183,
                        1.9779820999999998e-13,
                        -6.0778964e-14
                    ],
                    [
                        1.9779820999999998e-13,
                        1261.7183,
                        -6.917605700000001e-14
                    ],
                    [
                        -6.0778964e-14,
                        -6.917605700000001e-14,
                        1261.7183
                    ]
                ],
                [
                    [
                        1261.7183,
                        2.7077295e-13,
                        -6.217847900000001e-14
                    ],
                    [
                        2.7077295e-13,
                        1261.7183,
                        1.1196125e-14
                    ],
                    [
                        -6.217847900000001e-14,
                        1.1196125e-14,
                        1261.7183
                    ]
                ]
            ]
        }
    }
}