{
    "@module": "dpdata.system",
    "@class": "LabeledSystem",
    "data": {
        "atom_numbs": [
            2
        ],
        "atom_names": [
            "Mo"
        ],
        "atom_types": {
            "@module": "numpy",
            "@class": "array",
            "dtype": "int64",
            "data": [
                0,
                0
            ]
        },
        "orig": {
            "@module": "numpy",
            "@class": "array",
            "dtype": "int64",
            "data": [
                0,
                0,
                0
            ]
        },
        "cells": {
            "@module": "numpy",
            "@class": "array",
            "dtype": "float64",
            "data": [
                [
                    [
                        3.2334340142,
                        0.0,
                        0.0
                    ],
                    [
                        0.0,
                        3.2334340142,
                        0.0
                    ],
                    [
                        0.0,
                        0.0,
                        3.2334340142
                    ]
                ],
                [
                    [
                        3.2334340142,
                        0.0,
                        0.0
                    ],
                    [
                        0.0,
                        3.2334340142,
                        0.0
                    ],
                    [
                        0.0,
                        0.0,
                        3.2334340142
                    ]
                ]
            ]
        },
        "coords": {
            "@module": "numpy",
            "@class": "array",
            "dtype": "float64",
            "data": [
                [
                    [
                        0.0,
                        0.0,
                        0.0
                    ],
                    [
                        1.6167170071,
                        1.6167170071,
                        1.6167170071
                    ]
                ],
                [
                    [
                        0.0,
                        0.0,
                        0.0
                    ],
                    [
                        1.6167170071,
                        1.6167170071,
                        1.6167170071
                    ]
                ]
            ]
        },
        "energies": {
            "@module": "numpy",
            "@class": "array",
            "dtype": "float64",
            "data": [
                -21.722862,
                -21.722862
            ]
        },
        "forces": {
            "@module": "numpy",
            "@class": "array",
            "dtype": "float64",
            "data": [
                [
                    [
                        5.55112e-17,
                        -3.03577e-17,
                        2.43837e-16
                    ],
                    [
                        -5.55112e-17,
                        2.00361e-16,
                        -1.60001e-16
                    ]
                ],
                [
                    [
                        5.55112e-17,
                        -3.03577e-17,
                        2.43837e-16
                    ],
                    [
                        -5.55112e-17,
                        2.00361e-16,
                        -1.60001e-16
                    ]
                ]
            ]
        },
        "virials": {
            "@module": "numpy",
            "@class": "array",
            "dtype": "float64",
            "data": [
                [
                    [
                        -3.0659422460004215,
                        -8.890457089896963e-18,
                        -7.871307111769787e-17
                    ],
                    [
                        -8.890457089896963e-18,
                        -3.0659422460004215,
                        1.3053793238097213e-16
                    ],
                    [
                        -7.871307111769787e-17,
                        1.3053793238097213e-16,
                        -3.0659422460004215
                    ]
                ],
                [
                    [
                        -3.0659422460004215,
                        -8.890457089896963e-18,
                        -7.871307111769787e-17
                    ],
                    [
                        -8.890457089896963e-18,
                        -3.0659422460004215,
                        1.3053793238097213e-16
                    ],
                    [
                        -7.871307111769787e-17,
                        1.3053793238097213e-16,
                        -3.0659422460004215
                    ]
                ]
            ]
        },
        "stress": {
            "@module": "numpy",
            "@class": "array",
            "dtype": "float64",
            "data": [
                [
                    [
                        -145.3056,
                        -4.2134949e-16,
                        -3.7304845e-15
                    ],
                    [
                        -4.2134949e-16,
                        -145.3056,
                        6.1866438e-15
                    ],
                    [
                        -3.7304845e-15,
                        6.1866438e-15,
                        -145.3056
                    ]
                ],
                [
                    [
                        -145.3056,
                        -4.2134949e-16,
                        -3.7304845e-15
                    ],
                    [
                        -4.2134949e-16,
                        -145.3056,
                        6.1866438e-15
                    ],
                    [
                        -3.7304845e-15,
                        6.1866438e-15,
                        -145.3056
                    ]
                ]
            ]
        }
    }
}