{
    "@module": "dpdata.system",
    "@class": "LabeledSystem",
    "data": {
        "atom_numbs": [
            2
        ],
        "atom_names": [
            "Mo"
        ],
        "atom_types": {
            "@module": "numpy",
            "@class": "array",
            "dtype": "int64",
            "data": [
                0,
                0
            ]
        },
        "orig": {
            "@module": "numpy",
            "@class": "array",
            "dtype": "int64",
            "data": [
                0,
                0,
                0
            ]
        },
        "cells": {
            "@module": "numpy",
            "@class": "array",
            "dtype": "float64",
            "data": [
                [
                    [
                        3.3024609712,
                        0.0,
                        0.0
                    ],
                    [
                        0.0,
                        3.3024609712,
                        0.0
                    ],
                    [
                        0.0,
                        0.0,
                        3.3024609712
                    ]
                ],
                [
                    [
                        3.3024609712,
                        0.0,
                        0.0
                    ],
                    [
                        0.0,
                        3.3024609712,
                        0.0
                    ],
                    [
                        0.0,
                        0.0,
                        3.3024609712
                    ]
                ]
            ]
        },
        "coords": {
            "@module": "numpy",
            "@class": "array",
            "dtype": "float64",
            "data": [
                [
                    [
                        0.0,
                        0.0,
                        0.0
                    ],
                    [
                        1.6512304856,
                        1.6512304856,
                        1.6512304856
                    ]
                ],
                [
                    [
                        0.0,
                        0.0,
                        0.0
                    ],
                    [
                        1.6512304856,
                        1.6512304856,
                        1.6512304856
                    ]
                ]
            ]
        },
        "energies": {
            "@module": "numpy",
            "@class": "array",
            "dtype": "float64",
            "data": [
                -21.443595,
                -21.443595
            ]
        },
        "forces": {
            "@module": "numpy",
            "@class": "array",
            "dtype": "float64",
            "data": [
                [
                    [
                        -1.11022e-16,
                        -1.74557e-16,
                        -3.44017e-16
                    ],
                    [
                        5.55112e-17,
                        -1.09721e-16,
                        2.50559e-16
                    ]
                ],
                [
                    [
                        -1.11022e-16,
                        -1.74557e-16,
                        -3.44017e-16
                    ],
                    [
                        5.55112e-17,
                        -1.09721e-16,
                        2.50559e-16
                    ]
                ]
            ]
        },
        "virials": {
            "@module": "numpy",
            "@class": "array",
            "dtype": "float64",
            "data": [
                [
                    [
                        -5.73542087466629,
                        4.0982838395010346e-17,
                        7.556888526742375e-17
                    ],
                    [
                        4.0982838395010346e-17,
                        -5.73542087466629,
                        4.662068946497364e-17
                    ],
                    [
                        7.556888526742375e-17,
                        4.662068946497364e-17,
                        -5.73542087466629
                    ]
                ],
                [
                    [
                        -5.73542087466629,
                        4.0982838395010346e-17,
                        7.556888526742375e-17
                    ],
                    [
                        4.0982838395010346e-17,
                        -5.73542087466629,
                        4.662068946497364e-17
                    ],
                    [
                        7.556888526742375e-17,
                        4.662068946497364e-17,
                        -5.73542087466629
                    ]
                ]
            ]
        },
        "stress": {
            "@module": "numpy",
            "@class": "array",
            "dtype": "float64",
            "data": [
                [
                    [
                        -255.13063,
                        1.8230531999999997e-15,
                        3.3615558e-15
                    ],
                    [
                        1.8230531999999997e-15,
                        -255.13063,
                        2.0738436e-15
                    ],
                    [
                        3.3615558e-15,
                        2.0738436e-15,
                        -255.13063
                    ]
                ],
                [
                    [
                        -255.13063,
                        1.8230531999999997e-15,
                        3.3615558e-15
                    ],
                    [
                        1.8230531999999997e-15,
                        -255.13063,
                        2.0738436e-15
                    ],
                    [
                        3.3615558e-15,
                        2.0738436e-15,
                        -255.13063
                    ]
                ]
            ]
        }
    }
}