{
    "@module": "dpdata.system",
    "@class": "LabeledSystem",
    "data": {
        "atom_numbs": [
            2
        ],
        "atom_names": [
            "Mo"
        ],
        "atom_types": {
            "@module": "numpy",
            "@class": "array",
            "dtype": "int64",
            "data": [
                0,
                0
            ]
        },
        "orig": {
            "@module": "numpy",
            "@class": "array",
            "dtype": "int64",
            "data": [
                0,
                0,
                0
            ]
        },
        "cells": {
            "@module": "numpy",
            "@class": "array",
            "dtype": "float64",
            "data": [
                [
                    [
                        2.9468933335,
                        0.0,
                        0.0
                    ],
                    [
                        0.0,
                        2.9468933335,
                        0.0
                    ],
                    [
                        0.0,
                        0.0,
                        2.9468933335
                    ]
                ],
                [
                    [
                        2.9468933335,
                        0.0,
                        0.0
                    ],
                    [
                        0.0,
                        2.9468933335,
                        0.0
                    ],
                    [
                        0.0,
                        0.0,
                        2.9468933335
                    ]
                ]
            ]
        },
        "coords": {
            "@module": "numpy",
            "@class": "array",
            "dtype": "float64",
            "data": [
                [
                    [
                        0.0,
                        0.0,
                        0.0
                    ],
                    [
                        1.47344666675,
                        1.47344666675,
                        1.47344666675
                    ]
                ],
                [
                    [
                        2.5000087470480586e-11,
                        2.500029375301393e-11,
                        2.5000087470480586e-11
                    ],
                    [
                        1.47344666675,
                        1.47344666675,
                        1.47344666675
                    ]
                ]
            ]
        },
        "energies": {
            "@module": "numpy",
            "@class": "array",
            "dtype": "float64",
            "data": [
                -20.471992,
                -20.471992
            ]
        },
        "forces": {
            "@module": "numpy",
            "@class": "array",
            "dtype": "float64",
            "data": [
                [
                    [
                        6.15362e-10,
                        6.15368e-10,
                        6.15362e-10
                    ],
                    [
                        -6.15362e-10,
                        -6.15368e-10,
                        -6.15362e-10
                    ]
                ],
                [
                    [
                        8.88178e-16,
                        2.39088e-15,
                        1.59278e-15
                    ],
                    [
                        -1.55431e-15,
                        -2.44119e-15,
                        -1.42935e-15
                    ]
                ]
            ]
        },
        "virials": {
            "@module": "numpy",
            "@class": "array",
            "dtype": "float64",
            "data": [
                [
                    [
                        13.243451568480575,
                        3.1847081152437083e-15,
                        -1.2348519657722037e-15
                    ],
                    [
                        3.1847081152437083e-15,
                        13.243451568480575,
                        3.2549914427245617e-15
                    ],
                    [
                        -1.2348519657722037e-15,
                        3.2549914427245617e-15,
                        13.243451568480575
                    ]
                ],
                [
                    [
                        13.243451568480575,
                        -1.3265212522457372e-16,
                        -5.005218915764827e-16
                    ],
                    [
                        -1.3265212522457372e-16,
                        13.243451568480575,
                        -5.065392217467356e-16
                    ],
                    [
                        -5.005218915764827e-16,
                        -5.065392217467356e-16,
                        13.243451568480575
                    ]
                ]
            ]
        },
        "stress": {
            "@module": "numpy",
            "@class": "array",
            "dtype": "float64",
            "data": [
                [
                    [
                        829.12179,
                        1.9938237999999998e-13,
                        -7.7309353e-14
                    ],
                    [
                        1.9938237999999998e-13,
                        829.12179,
                        2.0378255e-13
                    ],
                    [
                        -7.7309353e-14,
                        2.0378255e-13,
                        829.12179
                    ]
                ],
                [
                    [
                        829.12179,
                        -8.304841599999999e-15,
                        -3.1335759e-14
                    ],
                    [
                        -8.304841599999999e-15,
                        829.12179,
                        -3.1712481e-14
                    ],
                    [
                        -3.1335759e-14,
                        -3.1712481e-14,
                        829.12179
                    ]
                ]
            ]
        }
    }
}