{
    "@module": "dpdata.system",
    "@class": "LabeledSystem",
    "data": {
        "atom_numbs": [
            2
        ],
        "atom_names": [
            "Mo"
        ],
        "atom_types": {
            "@module": "numpy",
            "@class": "array",
            "dtype": "int64",
            "data": [
                0,
                0
            ]
        },
        "orig": {
            "@module": "numpy",
            "@class": "array",
            "dtype": "int64",
            "data": [
                0,
                0,
                0
            ]
        },
        "cells": {
            "@module": "numpy",
            "@class": "array",
            "dtype": "float64",
            "data": [
                [
                    [
                        3.2534557876,
                        0.0,
                        0.0
                    ],
                    [
                        0.0,
                        3.2534557876,
                        0.0
                    ],
                    [
                        0.0,
                        0.0,
                        3.2534557876
                    ]
                ],
                [
                    [
                        3.2534557876,
                        0.0,
                        0.0
                    ],
                    [
                        0.0,
                        3.2534557876,
                        0.0
                    ],
                    [
                        0.0,
                        0.0,
                        3.2534557876
                    ]
                ]
            ]
        },
        "coords": {
            "@module": "numpy",
            "@class": "array",
            "dtype": "float64",
            "data": [
                [
                    [
                        0.0,
                        0.0,
                        0.0
                    ],
                    [
                        1.6267278938,
                        1.6267278938,
                        1.6267278938
                    ]
                ],
                [
                    [
                        0.0,
                        0.0,
                        0.0
                    ],
                    [
                        1.6267278938,
                        1.6267278938,
                        1.6267278938
                    ]
                ]
            ]
        },
        "energies": {
            "@module": "numpy",
            "@class": "array",
            "dtype": "float64",
            "data": [
                -21.658816,
                -21.658816
            ]
        },
        "forces": {
            "@module": "numpy",
            "@class": "array",
            "dtype": "float64",
            "data": [
                [
                    [
                        0.0,
                        2.23346e-17,
                        1.6507e-16
                    ],
                    [
                        0.0,
                        -1.67401e-16,
                        -3.60985e-16
                    ]
                ],
                [
                    [
                        0.0,
                        2.23346e-17,
                        1.6507e-16
                    ],
                    [
                        0.0,
                        -1.67401e-16,
                        -3.60985e-16
                    ]
                ]
            ]
        },
        "virials": {
            "@module": "numpy",
            "@class": "array",
            "dtype": "float64",
            "data": [
                [
                    [
                        -3.851548907969887,
                        1.474514847193451e-17,
                        2.7105051611100092e-17
                    ],
                    [
                        1.474514847193451e-17,
                        -3.851548907969887,
                        1.812785894051257e-16
                    ],
                    [
                        2.7105051611100092e-17,
                        1.812785894051257e-16,
                        -3.851548907969887
                    ]
                ],
                [
                    [
                        -3.851548907969887,
                        1.474514847193451e-17,
                        2.7105051611100092e-17
                    ],
                    [
                        1.474514847193451e-17,
                        -3.851548907969887,
                        1.812785894051257e-16
                    ],
                    [
                        2.7105051611100092e-17,
                        1.812785894051257e-16,
                        -3.851548907969887
                    ]
                ]
            ]
        },
        "stress": {
            "@module": "numpy",
            "@class": "array",
            "dtype": "float64",
            "data": [
                [
                    [
                        -179.18889000000001,
                        6.860011e-16,
                        1.2610313999999998e-15
                    ],
                    [
                        6.860011e-16,
                        -179.18889000000001,
                        8.4337782e-15
                    ],
                    [
                        1.2610313999999998e-15,
                        8.4337782e-15,
                        -179.18889000000001
                    ]
                ],
                [
                    [
                        -179.18889000000001,
                        6.860011e-16,
                        1.2610313999999998e-15
                    ],
                    [
                        6.860011e-16,
                        -179.18889000000001,
                        8.4337782e-15
                    ],
                    [
                        1.2610313999999998e-15,
                        8.4337782e-15,
                        -179.18889000000001
                    ]
                ]
            ]
        }
    }
}