{
    "@module": "dpdata.system",
    "@class": "LabeledSystem",
    "data": {
        "atom_numbs": [
            2
        ],
        "atom_names": [
            "Mo"
        ],
        "atom_types": {
            "@module": "numpy",
            "@class": "array",
            "dtype": "int64",
            "data": [
                0,
                0
            ]
        },
        "orig": {
            "@module": "numpy",
            "@class": "array",
            "dtype": "int64",
            "data": [
                0,
                0,
                0
            ]
        },
        "cells": {
            "@module": "numpy",
            "@class": "array",
            "dtype": "float64",
            "data": [
                [
                    [
                        3.3963307073,
                        0.0,
                        0.0
                    ],
                    [
                        0.0,
                        3.3963307073,
                        0.0
                    ],
                    [
                        0.0,
                        0.0,
                        3.3963307073
                    ]
                ],
                [
                    [
                        3.3963307073,
                        0.0,
                        0.0
                    ],
                    [
                        0.0,
                        3.3963307073,
                        0.0
                    ],
                    [
                        0.0,
                        0.0,
                        3.3963307073
                    ]
                ]
            ]
        },
        "coords": {
            "@module": "numpy",
            "@class": "array",
            "dtype": "float64",
            "data": [
                [
                    [
                        0.0,
                        0.0,
                        0.0
                    ],
                    [
                        1.69816535365,
                        1.69816535365,
                        1.69816535365
                    ]
                ],
                [
                    [
                        2.4999880886829207e-11,
                        2.5000254483207008e-11,
                        2.4999948813443356e-11
                    ],
                    [
                        1.69816535365,
                        1.69816535365,
                        1.69816535365
                    ]
                ]
            ]
        },
        "energies": {
            "@module": "numpy",
            "@class": "array",
            "dtype": "float64",
            "data": [
                -20.831043,
                -20.831043
            ]
        },
        "forces": {
            "@module": "numpy",
            "@class": "array",
            "dtype": "float64",
            "data": [
                [
                    [
                        3.74305e-11,
                        3.7431e-11,
                        3.74306e-11
                    ],
                    [
                        -3.74305e-11,
                        -3.7431e-11,
                        -3.74305e-11
                    ]
                ],
                [
                    [
                        4.44089e-16,
                        -1.33531e-15,
                        3.61581e-16
                    ],
                    [
                        -8.88178e-16,
                        1.41728e-15,
                        -4.46739e-16
                    ]
                ]
            ]
        },
        "virials": {
            "@module": "numpy",
            "@class": "array",
            "dtype": "float64",
            "data": [
                [
                    [
                        -8.647166491300565,
                        -3.21093231593732e-17,
                        -1.3646309638187055e-15
                    ],
                    [
                        -3.21093231593732e-17,
                        -8.647166491300565,
                        -9.241196469266091e-16
                    ],
                    [
                        -1.3646309638187055e-15,
                        -9.241196469266091e-16,
                        -8.647166491300565
                    ]
                ],
                [
                    [
                        -8.647166491300565,
                        -1.6346785988551897e-15,
                        2.9089142663064044e-16
                    ],
                    [
                        -1.6346785988551897e-15,
                        -8.647166491300565,
                        1.163890946422276e-16
                    ],
                    [
                        2.9089142663064044e-16,
                        1.163890946422276e-16,
                        -8.647166491300565
                    ]
                ]
            ]
        },
        "stress": {
            "@module": "numpy",
            "@class": "array",
            "dtype": "float64",
            "data": [
                [
                    [
                        -353.63423,
                        -1.3131418e-15,
                        -5.5807902e-14
                    ],
                    [
                        -1.3131418e-15,
                        -353.63423,
                        -3.7792766e-14
                    ],
                    [
                        -5.5807902e-14,
                        -3.7792766e-14,
                        -353.63423
                    ]
                ],
                [
                    [
                        -353.63423,
                        -6.685176099999999e-14,
                        1.1896286e-14
                    ],
                    [
                        -6.685176099999999e-14,
                        -353.63423,
                        4.7598445e-15
                    ],
                    [
                        1.1896286e-14,
                        4.7598445e-15,
                        -353.63423
                    ]
                ]
            ]
        }
    }
}