{
    "@module": "dpdata.system",
    "@class": "LabeledSystem",
    "data": {
        "atom_numbs": [
            2
        ],
        "atom_names": [
            "Mo"
        ],
        "atom_types": {
            "@module": "numpy",
            "@class": "array",
            "dtype": "int64",
            "data": [
                0,
                0
            ]
        },
        "orig": {
            "@module": "numpy",
            "@class": "array",
            "dtype": "int64",
            "data": [
                0,
                0,
                0
            ]
        },
        "cells": {
            "@module": "numpy",
            "@class": "array",
            "dtype": "float64",
            "data": [
                [
                    [
                        3.4235025077,
                        0.0,
                        0.0
                    ],
                    [
                        0.0,
                        3.4235025077,
                        0.0
                    ],
                    [
                        0.0,
                        0.0,
                        3.4235025077
                    ]
                ],
                [
                    [
                        3.4235025077,
                        0.0,
                        0.0
                    ],
                    [
                        0.0,
                        3.4235025077,
                        0.0
                    ],
                    [
                        0.0,
                        0.0,
                        3.4235025077
                    ]
                ]
            ]
        },
        "coords": {
            "@module": "numpy",
            "@class": "array",
            "dtype": "float64",
            "data": [
                [
                    [
                        0.0,
                        0.0,
                        0.0
                    ],
                    [
                        1.71175125385,
                        1.71175125385,
                        1.71175125385
                    ]
                ],
                [
                    [
                        0.0,
                        0.0,
                        0.0
                    ],
                    [
                        1.71175125385,
                        1.71175125385,
                        1.71175125385
                    ]
                ]
            ]
        },
        "energies": {
            "@module": "numpy",
            "@class": "array",
            "dtype": "float64",
            "data": [
                -20.615502,
                -20.615502
            ]
        },
        "forces": {
            "@module": "numpy",
            "@class": "array",
            "dtype": "float64",
            "data": [
                [
                    [
                        2.36395e-11,
                        2.36398e-11,
                        2.36393e-11
                    ],
                    [
                        -2.36394e-11,
                        -2.36395e-11,
                        -2.36395e-11
                    ]
                ],
                [
                    [
                        2.36393e-11,
                        2.36396e-11,
                        2.36393e-11
                    ],
                    [
                        -2.36394e-11,
                        -2.36397e-11,
                        -2.36394e-11
                    ]
                ]
            ]
        },
        "virials": {
            "@module": "numpy",
            "@class": "array",
            "dtype": "float64",
            "data": [
                [
                    [
                        -9.405224722986103,
                        -6.041072471348041e-16,
                        4.92214185261131e-16
                    ],
                    [
                        -6.041072471348041e-16,
                        -9.405224722986103,
                        4.813179700697893e-16
                    ],
                    [
                        4.92214185261131e-16,
                        4.813179700697893e-16,
                        -9.405224722986103
                    ]
                ],
                [
                    [
                        -9.405224722986103,
                        -2.842438958880154e-16,
                        7.508438299285239e-16
                    ],
                    [
                        -2.842438958880154e-16,
                        -9.405224722986103,
                        7.945913757183871e-16
                    ],
                    [
                        7.508438299285239e-16,
                        7.945913757183871e-16,
                        -9.405224722986103
                    ]
                ]
            ]
        },
        "stress": {
            "@module": "numpy",
            "@class": "array",
            "dtype": "float64",
            "data": [
                [
                    [
                        -375.54987,
                        -2.4121954e-14,
                        1.9654073e-14
                    ],
                    [
                        -2.4121954e-14,
                        -375.54987,
                        1.9218988e-14
                    ],
                    [
                        1.9654073e-14,
                        1.9218988e-14,
                        -375.54987
                    ]
                ],
                [
                    [
                        -375.54987,
                        -1.1349836e-14,
                        2.9981134e-14
                    ],
                    [
                        -1.1349836e-14,
                        -375.54987,
                        3.172797e-14
                    ],
                    [
                        2.9981134e-14,
                        3.172797e-14,
                        -375.54987
                    ]
                ]
            ]
        }
    }
}