{
    "@module": "dpdata.system",
    "@class": "LabeledSystem",
    "data": {
        "atom_numbs": [
            2
        ],
        "atom_names": [
            "Mo"
        ],
        "atom_types": {
            "@module": "numpy",
            "@class": "array",
            "dtype": "int64",
            "data": [
                0,
                0
            ]
        },
        "orig": {
            "@module": "numpy",
            "@class": "array",
            "dtype": "int64",
            "data": [
                0,
                0,
                0
            ]
        },
        "cells": {
            "@module": "numpy",
            "@class": "array",
            "dtype": "float64",
            "data": [
                [
                    [
                        2.88496539,
                        0.0,
                        0.0
                    ],
                    [
                        0.0,
                        2.88496539,
                        0.0
                    ],
                    [
                        0.0,
                        0.0,
                        2.88496539
                    ]
                ],
                [
                    [
                        2.88496539,
                        0.0,
                        0.0
                    ],
                    [
                        0.0,
                        2.88496539,
                        0.0
                    ],
                    [
                        0.0,
                        0.0,
                        2.88496539
                    ]
                ]
            ]
        },
        "coords": {
            "@module": "numpy",
            "@class": "array",
            "dtype": "float64",
            "data": [
                [
                    [
                        0.0,
                        0.0,
                        0.0
                    ],
                    [
                        1.442482695,
                        1.442482695,
                        1.442482695
                    ]
                ],
                [
                    [
                        0.0,
                        0.0,
                        0.0
                    ],
                    [
                        1.442482695,
                        1.442482695,
                        1.442482695
                    ]
                ]
            ]
        },
        "energies": {
            "@module": "numpy",
            "@class": "array",
            "dtype": "float64",
            "data": [
                -19.257094,
                -19.257094
            ]
        },
        "forces": {
            "@module": "numpy",
            "@class": "array",
            "dtype": "float64",
            "data": [
                [
                    [
                        -4.44089e-16,
                        -3.33934e-16,
                        -6.46186e-16
                    ],
                    [
                        8.88178e-16,
                        8.18794e-16,
                        5.86481e-16
                    ]
                ],
                [
                    [
                        -4.44089e-16,
                        -3.33934e-16,
                        -6.46186e-16
                    ],
                    [
                        8.88178e-16,
                        8.18794e-16,
                        5.86481e-16
                    ]
                ]
            ]
        },
        "virials": {
            "@module": "numpy",
            "@class": "array",
            "dtype": "float64",
            "data": [
                [
                    [
                        26.955893000541,
                        7.766139639103363e-16,
                        3.6776134619521123e-16
                    ],
                    [
                        7.766139639103363e-16,
                        26.955893000541,
                        -2.3470806334120255e-15
                    ],
                    [
                        3.6776134619521123e-16,
                        -2.3470806334120255e-15,
                        26.955893000541
                    ]
                ],
                [
                    [
                        26.955893000541,
                        7.766139639103363e-16,
                        3.6776134619521123e-16
                    ],
                    [
                        7.766139639103363e-16,
                        26.955893000541,
                        -2.3470806334120255e-15
                    ],
                    [
                        3.6776134619521123e-16,
                        -2.3470806334120255e-15,
                        26.955893000541
                    ]
                ]
            ]
        },
        "stress": {
            "@module": "numpy",
            "@class": "array",
            "dtype": "float64",
            "data": [
                [
                    [
                        1798.6318999999999,
                        5.1819565e-14,
                        2.4538875e-14
                    ],
                    [
                        5.1819565e-14,
                        1798.6318999999999,
                        -1.5660895e-13
                    ],
                    [
                        2.4538875e-14,
                        -1.5660895e-13,
                        1798.6318999999999
                    ]
                ],
                [
                    [
                        1798.6318999999999,
                        5.1819565e-14,
                        2.4538875e-14
                    ],
                    [
                        5.1819565e-14,
                        1798.6318999999999,
                        -1.5660895e-13
                    ],
                    [
                        2.4538875e-14,
                        -1.5660895e-13,
                        1798.6318999999999
                    ]
                ]
            ]
        }
    }
}