{
    "@module": "dpdata.system",
    "@class": "LabeledSystem",
    "data": {
        "atom_numbs": [
            2
        ],
        "atom_names": [
            "Mo"
        ],
        "atom_types": {
            "@module": "numpy",
            "@class": "array",
            "dtype": "int64",
            "data": [
                0,
                0
            ]
        },
        "orig": {
            "@module": "numpy",
            "@class": "array",
            "dtype": "int64",
            "data": [
                0,
                0,
                0
            ]
        },
        "cells": {
            "@module": "numpy",
            "@class": "array",
            "dtype": "float64",
            "data": [
                [
                    [
                        3.0063224529,
                        0.0,
                        0.0
                    ],
                    [
                        0.0,
                        3.0063224529,
                        0.0
                    ],
                    [
                        0.0,
                        0.0,
                        3.0063224529
                    ]
                ],
                [
                    [
                        3.0063224529,
                        0.0,
                        0.0
                    ],
                    [
                        0.0,
                        3.0063224529,
                        0.0
                    ],
                    [
                        0.0,
                        0.0,
                        3.0063224529
                    ]
                ]
            ]
        },
        "coords": {
            "@module": "numpy",
            "@class": "array",
            "dtype": "float64",
            "data": [
                [
                    [
                        0.0,
                        0.0,
                        0.0
                    ],
                    [
                        1.50316122645,
                        1.50316122645,
                        1.50316122645
                    ]
                ],
                [
                    [
                        2.4999976253825822e-11,
                        2.500000631705035e-11,
                        2.500000631705035e-11
                    ],
                    [
                        1.50316122645,
                        1.50316122645,
                        1.50316122645
                    ]
                ]
            ]
        },
        "energies": {
            "@module": "numpy",
            "@class": "array",
            "dtype": "float64",
            "data": [
                -21.165573,
                -21.165573
            ]
        },
        "forces": {
            "@module": "numpy",
            "@class": "array",
            "dtype": "float64",
            "data": [
                [
                    [
                        5.30617e-10,
                        5.30618e-10,
                        5.30618e-10
                    ],
                    [
                        -5.30617e-10,
                        -5.30618e-10,
                        -5.30618e-10
                    ]
                ],
                [
                    [
                        -4.44089e-16,
                        -4.71845e-16,
                        -2.89643e-16
                    ],
                    [
                        5.27356e-16,
                        3.99318e-16,
                        2.42256e-16
                    ]
                ]
            ]
        },
        "virials": {
            "@module": "numpy",
            "@class": "array",
            "dtype": "float64",
            "data": [
                [
                    [
                        9.321711105737503,
                        1.9935935555764896e-15,
                        1.6594390697773862e-15
                    ],
                    [
                        1.9935935555764896e-15,
                        9.321711105737503,
                        1.4005993608181628e-15
                    ],
                    [
                        1.6594390697773862e-15,
                        1.4005993608181628e-15,
                        9.321711105737503
                    ]
                ],
                [
                    [
                        9.321711105737503,
                        -4.3310485689411874e-17,
                        -5.721876581991624e-16
                    ],
                    [
                        -4.3310485689411874e-17,
                        9.321711105737503,
                        3.6971291179321136e-16
                    ],
                    [
                        -5.721876581991624e-16,
                        3.6971291179321136e-16,
                        9.321711105737503
                    ]
                ]
            ]
        },
        "stress": {
            "@module": "numpy",
            "@class": "array",
            "dtype": "float64",
            "data": [
                [
                    [
                        549.6666,
                        1.1755479e-13,
                        9.7850944e-14
                    ],
                    [
                        1.1755479e-13,
                        549.6666,
                        8.258813e-14
                    ],
                    [
                        9.7850944e-14,
                        8.258813e-14,
                        549.6666
                    ]
                ],
                [
                    [
                        549.6666,
                        -2.5538581e-15,
                        -3.3739776e-14
                    ],
                    [
                        -2.5538581e-15,
                        549.6666,
                        2.1800594e-14
                    ],
                    [
                        -3.3739776e-14,
                        2.1800594e-14,
                        549.6666
                    ]
                ]
            ]
        }
    }
}