{
    "@module": "dpdata.system",
    "@class": "LabeledSystem",
    "data": {
        "atom_numbs": [
            2
        ],
        "atom_names": [
            "Mo"
        ],
        "atom_types": {
            "@module": "numpy",
            "@class": "array",
            "dtype": "int64",
            "data": [
                0,
                0
            ]
        },
        "orig": {
            "@module": "numpy",
            "@class": "array",
            "dtype": "int64",
            "data": [
                0,
                0,
                0
            ]
        },
        "cells": {
            "@module": "numpy",
            "@class": "array",
            "dtype": "float64",
            "data": [
                [
                    [
                        3.1507538447,
                        0.0,
                        0.0
                    ],
                    [
                        0.0,
                        3.1507538447,
                        0.0
                    ],
                    [
                        0.0,
                        0.0,
                        3.1507538447
                    ]
                ],
                [
                    [
                        3.1507538447,
                        0.0,
                        0.0
                    ],
                    [
                        0.0,
                        3.1507538447,
                        0.0
                    ],
                    [
                        0.0,
                        0.0,
                        3.1507538447
                    ]
                ]
            ]
        },
        "coords": {
            "@module": "numpy",
            "@class": "array",
            "dtype": "float64",
            "data": [
                [
                    [
                        0.0,
                        0.0,
                        0.0
                    ],
                    [
                        1.57537692235,
                        1.57537692235,
                        1.57537692235
                    ]
                ],
                [
                    [
                        -2.5000034471233516e-11,
                        -2.5000034471233516e-11,
                        -2.500009748631041e-11
                    ],
                    [
                        1.57537692235,
                        1.57537692235,
                        1.57537692235
                    ]
                ]
            ]
        },
        "energies": {
            "@module": "numpy",
            "@class": "array",
            "dtype": "float64",
            "data": [
                -21.828291,
                -21.828291
            ]
        },
        "forces": {
            "@module": "numpy",
            "@class": "array",
            "dtype": "float64",
            "data": [
                [
                    [
                        -3.35305e-10,
                        -3.35305e-10,
                        -3.35306e-10
                    ],
                    [
                        3.35305e-10,
                        3.35305e-10,
                        3.35306e-10
                    ]
                ],
                [
                    [
                        4.996e-16,
                        3.01625e-16,
                        3.06829e-16
                    ],
                    [
                        -4.44089e-16,
                        -4.51462e-16,
                        -4.65665e-16
                    ]
                ]
            ]
        },
        "virials": {
            "@module": "numpy",
            "@class": "array",
            "dtype": "float64",
            "data": [
                [
                    [
                        0.5576892098718108,
                        -4.121865363230791e-16,
                        1.2431461127108556e-15
                    ],
                    [
                        -4.121865363230791e-16,
                        0.5576892098718108,
                        1.1603130709374468e-15
                    ],
                    [
                        1.2431461127108556e-15,
                        1.1603130709374468e-15,
                        0.5576892098718108
                    ]
                ],
                [
                    [
                        0.5576892098718108,
                        -8.7603529638799e-17,
                        1.523303940167344e-16
                    ],
                    [
                        -8.7603529638799e-17,
                        0.5576892098718108,
                        1.840975157105881e-16
                    ],
                    [
                        1.523303940167344e-16,
                        1.840975157105881e-16,
                        0.5576892098718108
                    ]
                ]
            ]
        },
        "stress": {
            "@module": "numpy",
            "@class": "array",
            "dtype": "float64",
            "data": [
                [
                    [
                        28.566643,
                        -2.1113525999999997e-14,
                        6.367796e-14
                    ],
                    [
                        -2.1113525999999997e-14,
                        28.566643,
                        5.9434984e-14
                    ],
                    [
                        6.367796e-14,
                        5.9434984e-14,
                        28.566643
                    ]
                ],
                [
                    [
                        28.566643,
                        -4.4873358e-15,
                        7.8028549e-15
                    ],
                    [
                        -4.4873358e-15,
                        28.566643,
                        9.430069499999999e-15
                    ],
                    [
                        7.8028549e-15,
                        9.430069499999999e-15,
                        28.566643
                    ]
                ]
            ]
        }
    }
}