{
    "@module": "dpdata.system",
    "@class": "LabeledSystem",
    "data": {
        "atom_numbs": [
            2
        ],
        "atom_names": [
            "Mo"
        ],
        "atom_types": {
            "@module": "numpy",
            "@class": "array",
            "dtype": "int64",
            "data": [
                0,
                0
            ]
        },
        "orig": {
            "@module": "numpy",
            "@class": "array",
            "dtype": "int64",
            "data": [
                0,
                0,
                0
            ]
        },
        "cells": {
            "@module": "numpy",
            "@class": "array",
            "dtype": "float64",
            "data": [
                [
                    [
                        2.9224366596,
                        0.0,
                        0.0
                    ],
                    [
                        0.0,
                        2.9224366596,
                        0.0
                    ],
                    [
                        0.0,
                        0.0,
                        2.9224366596
                    ]
                ],
                [
                    [
                        2.9224366596,
                        0.0,
                        0.0
                    ],
                    [
                        0.0,
                        2.9224366596,
                        0.0
                    ],
                    [
                        0.0,
                        0.0,
                        2.9224366596
                    ]
                ]
            ]
        },
        "coords": {
            "@module": "numpy",
            "@class": "array",
            "dtype": "float64",
            "data": [
                [
                    [
                        0.0,
                        0.0,
                        0.0
                    ],
                    [
                        1.4612183298,
                        1.4612183298,
                        1.4612183298
                    ]
                ],
                [
                    [
                        -1.1089390475418373e-16,
                        -7.777363784727097e-17,
                        -9.214968826317528e-17
                    ],
                    [
                        1.4612183298,
                        1.4612183298,
                        1.4612183298
                    ]
                ]
            ]
        },
        "energies": {
            "@module": "numpy",
            "@class": "array",
            "dtype": "float64",
            "data": [
                -20.101987,
                -20.101987
            ]
        },
        "forces": {
            "@module": "numpy",
            "@class": "array",
            "dtype": "float64",
            "data": [
                [
                    [
                        -2.66454e-15,
                        -1.86873e-15,
                        -2.21415e-15
                    ],
                    [
                        1.66533e-15,
                        1.88337e-15,
                        2.15986e-15
                    ]
                ],
                [
                    [
                        -2.66454e-15,
                        -1.86873e-15,
                        -2.21415e-15
                    ],
                    [
                        1.66533e-15,
                        1.88337e-15,
                        2.15986e-15
                    ]
                ]
            ]
        },
        "virials": {
            "@module": "numpy",
            "@class": "array",
            "dtype": "float64",
            "data": [
                [
                    [
                        17.00225217474243,
                        1.1568978425891893e-15,
                        1.088105214806823e-15
                    ],
                    [
                        1.1568978425891893e-15,
                        17.00225217474243,
                        1.5356638390552005e-15
                    ],
                    [
                        1.088105214806823e-15,
                        1.5356638390552005e-15,
                        17.00225217474243
                    ]
                ],
                [
                    [
                        17.00225217474243,
                        1.1568978425891893e-15,
                        1.088105214806823e-15
                    ],
                    [
                        1.1568978425891893e-15,
                        17.00225217474243,
                        1.5356638390552005e-15
                    ],
                    [
                        1.088105214806823e-15,
                        1.5356638390552005e-15,
                        17.00225217474243
                    ]
                ]
            ]
        },
        "stress": {
            "@module": "numpy",
            "@class": "array",
            "dtype": "float64",
            "data": [
                [
                    [
                        1091.3938999999998,
                        7.4262588e-14,
                        6.9846711e-14
                    ],
                    [
                        7.4262588e-14,
                        1091.3938999999998,
                        9.857600800000001e-14
                    ],
                    [
                        6.9846711e-14,
                        9.857600800000001e-14,
                        1091.3938999999998
                    ]
                ],
                [
                    [
                        1091.3938999999998,
                        7.4262588e-14,
                        6.9846711e-14
                    ],
                    [
                        7.4262588e-14,
                        1091.3938999999998,
                        9.857600800000001e-14
                    ],
                    [
                        6.9846711e-14,
                        9.857600800000001e-14,
                        1091.3938999999998
                    ]
                ]
            ]
        }
    }
}