{
    "@module": "dpdata.system",
    "@class": "LabeledSystem",
    "data": {
        "atom_numbs": [
            2
        ],
        "atom_names": [
            "Mo"
        ],
        "atom_types": {
            "@module": "numpy",
            "@class": "array",
            "dtype": "int64",
            "data": [
                0,
                0
            ]
        },
        "orig": {
            "@module": "numpy",
            "@class": "array",
            "dtype": "int64",
            "data": [
                0,
                0,
                0
            ]
        },
        "cells": {
            "@module": "numpy",
            "@class": "array",
            "dtype": "float64",
            "data": [
                [
                    [
                        2.7100850877,
                        0.0,
                        0.0
                    ],
                    [
                        0.0,
                        2.7100850877,
                        0.0
                    ],
                    [
                        0.0,
                        0.0,
                        2.7100850877
                    ]
                ],
                [
                    [
                        2.7100850877,
                        0.0,
                        0.0
                    ],
                    [
                        0.0,
                        2.7100850877,
                        0.0
                    ],
                    [
                        0.0,
                        0.0,
                        2.7100850877
                    ]
                ]
            ]
        },
        "coords": {
            "@module": "numpy",
            "@class": "array",
            "dtype": "float64",
            "data": [
                [
                    [
                        0.0,
                        0.0,
                        0.0
                    ],
                    [
                        1.35504254385,
                        1.35504254385,
                        1.35504254385
                    ]
                ],
                [
                    [
                        -7.416337548447189e-09,
                        0.25064249034444325,
                        2.5137529735215736e-08
                    ],
                    [
                        1.35504254385,
                        1.1044003245140654,
                        1.35504254385
                    ]
                ]
            ]
        },
        "energies": {
            "@module": "numpy",
            "@class": "array",
            "dtype": "float64",
            "data": [
                -12.619456,
                -15.802116
            ]
        },
        "forces": {
            "@module": "numpy",
            "@class": "array",
            "dtype": "float64",
            "data": [
                [
                    [
                        1.23797e-09,
                        1.23797e-09,
                        1.23797e-09
                    ],
                    [
                        -1.23797e-09,
                        -1.23797e-09,
                        -1.23797e-09
                    ]
                ],
                [
                    [
                        4.44089e-16,
                        3.44919e-13,
                        -4.2849e-16
                    ],
                    [
                        -1.11022e-15,
                        -3.45168e-13,
                        1.01478e-15
                    ]
                ]
            ]
        },
        "virials": {
            "@module": "numpy",
            "@class": "array",
            "dtype": "float64",
            "data": [
                [
                    [
                        16.35384196569329,
                        1.3847023045141538e-15,
                        3.854473953995455e-15
                    ],
                    [
                        1.3847023045141538e-15,
                        16.35384196569329,
                        1.7151263893115443e-15
                    ],
                    [
                        3.854473953995455e-15,
                        1.7151263893115443e-15,
                        16.35384196569329
                    ]
                ],
                [
                    [
                        17.672521172403684,
                        -9.350158775498465e-16,
                        -2.7790268589628162e-15
                    ],
                    [
                        -9.350158775498465e-16,
                        10.700229030573045,
                        -5.232684566153239e-15
                    ],
                    [
                        -2.7790268589628162e-15,
                        -5.232684566153239e-15,
                        17.672521172403684
                    ]
                ]
            ]
        },
        "stress": {
            "@module": "numpy",
            "@class": "array",
            "dtype": "float64",
            "data": [
                [
                    [
                        1316.3804,
                        1.1145974e-13,
                        3.1026067000000003e-13
                    ],
                    [
                        1.1145974e-13,
                        1316.3804,
                        1.3805678e-13
                    ],
                    [
                        3.1026067000000003e-13,
                        1.3805678e-13,
                        1316.3804
                    ]
                ],
                [
                    [
                        1422.5257,
                        -7.5262839e-14,
                        -2.2369401e-13
                    ],
                    [
                        -7.5262839e-14,
                        861.30047,
                        -4.2119786999999995e-13
                    ],
                    [
                        -2.2369401e-13,
                        -4.2119786999999995e-13,
                        1422.5257
                    ]
                ]
            ]
        }
    }
}