{
    "@module": "dpdata.system",
    "@class": "LabeledSystem",
    "data": {
        "atom_numbs": [
            2
        ],
        "atom_names": [
            "Mo"
        ],
        "atom_types": {
            "@module": "numpy",
            "@class": "array",
            "dtype": "int64",
            "data": [
                0,
                0
            ]
        },
        "orig": {
            "@module": "numpy",
            "@class": "array",
            "dtype": "int64",
            "data": [
                0,
                0,
                0
            ]
        },
        "cells": {
            "@module": "numpy",
            "@class": "array",
            "dtype": "float64",
            "data": [
                [
                    [
                        2.6810979979,
                        0.0,
                        0.0
                    ],
                    [
                        0.0,
                        2.6810979979,
                        0.0
                    ],
                    [
                        0.0,
                        0.0,
                        2.6810979979
                    ]
                ],
                [
                    [
                        2.6810979979,
                        0.0,
                        0.0
                    ],
                    [
                        0.0,
                        2.6810979979,
                        0.0
                    ],
                    [
                        0.0,
                        0.0,
                        2.6810979979
                    ]
                ]
            ]
        },
        "coords": {
            "@module": "numpy",
            "@class": "array",
            "dtype": "float64",
            "data": [
                [
                    [
                        0.0,
                        0.0,
                        0.0
                    ],
                    [
                        1.34054899895,
                        1.34054899895,
                        1.34054899895
                    ]
                ],
                [
                    [
                        0.0,
                        0.0,
                        0.0
                    ],
                    [
                        1.34054899895,
                        1.34054899895,
                        1.34054899895
                    ]
                ]
            ]
        },
        "energies": {
            "@module": "numpy",
            "@class": "array",
            "dtype": "float64",
            "data": [
                -12.272291,
                -12.272291
            ]
        },
        "forces": {
            "@module": "numpy",
            "@class": "array",
            "dtype": "float64",
            "data": [
                [
                    [
                        7.75892e-10,
                        7.75892e-10,
                        7.75891e-10
                    ],
                    [
                        -7.75892e-10,
                        -7.75892e-10,
                        -7.75891e-10
                    ]
                ],
                [
                    [
                        7.75892e-10,
                        7.75892e-10,
                        7.75891e-10
                    ],
                    [
                        -7.75892e-10,
                        -7.75892e-10,
                        -7.75891e-10
                    ]
                ]
            ]
        },
        "virials": {
            "@module": "numpy",
            "@class": "array",
            "dtype": "float64",
            "data": [
                [
                    [
                        5.999151062613705,
                        4.275144323609738e-15,
                        -2.6073434491302845e-15
                    ],
                    [
                        4.275144323609738e-15,
                        5.999151062613705,
                        1.1687156404754528e-15
                    ],
                    [
                        -2.6073434491302845e-15,
                        1.1687156404754528e-15,
                        5.999151062613705
                    ]
                ],
                [
                    [
                        5.999151062613705,
                        4.275144323609738e-15,
                        -2.6073434491302845e-15
                    ],
                    [
                        4.275144323609738e-15,
                        5.999151062613705,
                        1.1687156404754528e-15
                    ],
                    [
                        -2.6073434491302845e-15,
                        1.1687156404754528e-15,
                        5.999151062613705
                    ]
                ]
            ]
        },
        "stress": {
            "@module": "numpy",
            "@class": "array",
            "dtype": "float64",
            "data": [
                [
                    [
                        498.72613,
                        3.5540465000000004e-13,
                        -2.1675572e-13
                    ],
                    [
                        3.5540465000000004e-13,
                        498.72613,
                        9.7158585e-14
                    ],
                    [
                        -2.1675572e-13,
                        9.7158585e-14,
                        498.72613
                    ]
                ],
                [
                    [
                        498.72613,
                        3.5540465000000004e-13,
                        -2.1675572e-13
                    ],
                    [
                        3.5540465000000004e-13,
                        498.72613,
                        9.7158585e-14
                    ],
                    [
                        -2.1675572e-13,
                        9.7158585e-14,
                        498.72613
                    ]
                ]
            ]
        }
    }
}