{
    "@module": "dpdata.system",
    "@class": "LabeledSystem",
    "data": {
        "atom_numbs": [
            2
        ],
        "atom_names": [
            "Mo"
        ],
        "atom_types": {
            "@module": "numpy",
            "@class": "array",
            "dtype": "int64",
            "data": [
                0,
                0
            ]
        },
        "orig": {
            "@module": "numpy",
            "@class": "array",
            "dtype": "int64",
            "data": [
                0,
                0,
                0
            ]
        },
        "cells": {
            "@module": "numpy",
            "@class": "array",
            "dtype": "float64",
            "data": [
                [
                    [
                        3.0857712342,
                        0.0,
                        0.0
                    ],
                    [
                        0.0,
                        3.0857712342,
                        0.0
                    ],
                    [
                        0.0,
                        0.0,
                        3.0857712342
                    ]
                ],
                [
                    [
                        3.0857712342,
                        0.0,
                        0.0
                    ],
                    [
                        0.0,
                        3.0857712342,
                        0.0
                    ],
                    [
                        0.0,
                        0.0,
                        3.0857712342
                    ]
                ]
            ]
        },
        "coords": {
            "@module": "numpy",
            "@class": "array",
            "dtype": "float64",
            "data": [
                [
                    [
                        0.0,
                        0.0,
                        0.0
                    ],
                    [
                        1.5428856171,
                        1.5428856171,
                        1.5428856171
                    ]
                ],
                [
                    [
                        0.0,
                        0.0,
                        0.0
                    ],
                    [
                        1.5428856171,
                        1.5428856171,
                        1.5428856171
                    ]
                ]
            ]
        },
        "energies": {
            "@module": "numpy",
            "@class": "array",
            "dtype": "float64",
            "data": [
                -21.681103,
                -21.681103
            ]
        },
        "forces": {
            "@module": "numpy",
            "@class": "array",
            "dtype": "float64",
            "data": [
                [
                    [
                        2.22045e-16,
                        2.87097e-16,
                        2.6368e-16
                    ],
                    [
                        -4.71845e-16,
                        -3.37404e-16,
                        -3.42929e-16
                    ]
                ],
                [
                    [
                        2.22045e-16,
                        2.87097e-16,
                        2.6368e-16
                    ],
                    [
                        -4.71845e-16,
                        -3.37404e-16,
                        -3.42496e-16
                    ]
                ]
            ]
        },
        "virials": {
            "@module": "numpy",
            "@class": "array",
            "dtype": "float64",
            "data": [
                [
                    [
                        4.1265752468737045,
                        6.028163701963919e-16,
                        3.30464803772659e-16
                    ],
                    [
                        6.028163701963919e-16,
                        4.1265752468737045,
                        1.7867650405251762e-16
                    ],
                    [
                        3.30464803772659e-16,
                        1.7867650405251762e-16,
                        4.1265752468737045
                    ]
                ],
                [
                    [
                        4.1265752468737045,
                        6.097552513433802e-16,
                        3.30464803772659e-16
                    ],
                    [
                        6.097552513433802e-16,
                        4.1265752468737045,
                        1.7867650405251762e-16
                    ],
                    [
                        3.30464803772659e-16,
                        1.7867650405251762e-16,
                        4.1265752468737045
                    ]
                ]
            ]
        },
        "stress": {
            "@module": "numpy",
            "@class": "array",
            "dtype": "float64",
            "data": [
                [
                    [
                        225.01371,
                        3.2870344e-14,
                        1.801957e-14
                    ],
                    [
                        3.2870344e-14,
                        225.01371,
                        9.7428644e-15
                    ],
                    [
                        1.801957e-14,
                        9.7428644e-15,
                        225.01371
                    ]
                ],
                [
                    [
                        225.01371,
                        3.3248706999999996e-14,
                        1.801957e-14
                    ],
                    [
                        3.3248706999999996e-14,
                        225.01371,
                        9.7428644e-15
                    ],
                    [
                        1.801957e-14,
                        9.7428644e-15,
                        225.01371
                    ]
                ]
            ]
        }
    }
}