{
    "@module": "dpdata.system",
    "@class": "LabeledSystem",
    "data": {
        "atom_numbs": [
            2
        ],
        "atom_names": [
            "Mo"
        ],
        "atom_types": {
            "@module": "numpy",
            "@class": "array",
            "dtype": "int64",
            "data": [
                0,
                0
            ]
        },
        "orig": {
            "@module": "numpy",
            "@class": "array",
            "dtype": "int64",
            "data": [
                0,
                0,
                0
            ]
        },
        "cells": {
            "@module": "numpy",
            "@class": "array",
            "dtype": "float64",
            "data": [
                [
                    [
                        3.1077347579,
                        0.0,
                        0.0
                    ],
                    [
                        0.0,
                        3.1077347579,
                        0.0
                    ],
                    [
                        0.0,
                        0.0,
                        3.1077347579
                    ]
                ],
                [
                    [
                        3.1077347579,
                        0.0,
                        0.0
                    ],
                    [
                        0.0,
                        3.1077347579,
                        0.0
                    ],
                    [
                        0.0,
                        0.0,
                        3.1077347579
                    ]
                ]
            ]
        },
        "coords": {
            "@module": "numpy",
            "@class": "array",
            "dtype": "float64",
            "data": [
                [
                    [
                        0.0,
                        0.0,
                        0.0
                    ],
                    [
                        1.55386737895,
                        1.55386737895,
                        1.55386737895
                    ]
                ],
                [
                    [
                        2.5000141182578967e-11,
                        2.5000141182578967e-11,
                        2.500011010523139e-11
                    ],
                    [
                        1.55386737895,
                        1.55386737895,
                        1.55386737895
                    ]
                ]
            ]
        },
        "energies": {
            "@module": "numpy",
            "@class": "array",
            "dtype": "float64",
            "data": [
                -21.756127,
                -21.756127
            ]
        },
        "forces": {
            "@module": "numpy",
            "@class": "array",
            "dtype": "float64",
            "data": [
                [
                    [
                        3.63694e-10,
                        3.63693e-10,
                        3.63693e-10
                    ],
                    [
                        -3.63693e-10,
                        -3.63693e-10,
                        -3.63693e-10
                    ]
                ],
                [
                    [
                        -2.66454e-15,
                        -3.40044e-15,
                        -2.83159e-15
                    ],
                    [
                        2.60902e-15,
                        3.6224e-15,
                        2.78213e-15
                    ]
                ]
            ]
        },
        "virials": {
            "@module": "numpy",
            "@class": "array",
            "dtype": "float64",
            "data": [
                [
                    [
                        2.930137603240417,
                        8.082726573853338e-16,
                        3.67002410246192e-16
                    ],
                    [
                        8.082726573853338e-16,
                        2.930137603240417,
                        4.247903852135311e-16
                    ],
                    [
                        3.67002410246192e-16,
                        4.247903852135311e-16,
                        2.930137603240417
                    ]
                ],
                [
                    [
                        2.930137603240417,
                        -4.3801764305821345e-16,
                        5.263801226133307e-16
                    ],
                    [
                        -4.3801764305821345e-16,
                        2.930137603240417,
                        -8.932741027322338e-16
                    ],
                    [
                        5.263801226133307e-16,
                        -8.932741027322338e-16,
                        2.930137603240417
                    ]
                ]
            ]
        },
        "stress": {
            "@module": "numpy",
            "@class": "array",
            "dtype": "float64",
            "data": [
                [
                    [
                        156.41074,
                        4.3145593e-14,
                        1.9590588e-14
                    ],
                    [
                        4.3145593e-14,
                        156.41074,
                        2.267531e-14
                    ],
                    [
                        1.9590588e-14,
                        2.267531e-14,
                        156.41074
                    ]
                ],
                [
                    [
                        156.41074,
                        -2.3381381e-14,
                        2.809817e-14
                    ],
                    [
                        -2.3381381e-14,
                        156.41074,
                        -4.768297e-14
                    ],
                    [
                        2.809817e-14,
                        -4.768297e-14,
                        156.41074
                    ]
                ]
            ]
        }
    }
}