{
    "@module": "dpdata.system",
    "@class": "LabeledSystem",
    "data": {
        "atom_numbs": [
            2
        ],
        "atom_names": [
            "Mo"
        ],
        "atom_types": {
            "@module": "numpy",
            "@class": "array",
            "dtype": "int64",
            "data": [
                0,
                0
            ]
        },
        "orig": {
            "@module": "numpy",
            "@class": "array",
            "dtype": "int64",
            "data": [
                0,
                0,
                0
            ]
        },
        "cells": {
            "@module": "numpy",
            "@class": "array",
            "dtype": "float64",
            "data": [
                [
                    [
                        3.1293921448,
                        0.0,
                        0.0
                    ],
                    [
                        0.0,
                        3.1293921448,
                        0.0
                    ],
                    [
                        0.0,
                        0.0,
                        3.1293921448
                    ]
                ],
                [
                    [
                        3.1293921448,
                        0.0,
                        0.0
                    ],
                    [
                        0.0,
                        3.1293921448,
                        0.0
                    ],
                    [
                        0.0,
                        0.0,
                        3.1293921448
                    ]
                ]
            ]
        },
        "coords": {
            "@module": "numpy",
            "@class": "array",
            "dtype": "float64",
            "data": [
                [
                    [
                        0.0,
                        0.0,
                        0.0
                    ],
                    [
                        1.5646960724,
                        1.5646960724,
                        1.5646960724
                    ]
                ],
                [
                    [
                        0.0,
                        0.0,
                        0.0
                    ],
                    [
                        1.5646960724,
                        1.5646960724,
                        1.5646960724
                    ]
                ]
            ]
        },
        "energies": {
            "@module": "numpy",
            "@class": "array",
            "dtype": "float64",
            "data": [
                -21.804874,
                -21.804874
            ]
        },
        "forces": {
            "@module": "numpy",
            "@class": "array",
            "dtype": "float64",
            "data": [
                [
                    [
                        -2.22045e-16,
                        -1.1796e-16,
                        -7.56227e-16
                    ],
                    [
                        3.88578e-16,
                        3.1225e-16,
                        6.54768e-16
                    ]
                ],
                [
                    [
                        -3.88578e-16,
                        -3.46943e-16,
                        -6.31222e-16
                    ],
                    [
                        2.498e-16,
                        2.63678e-16,
                        5.98582e-16
                    ]
                ]
            ]
        },
        "virials": {
            "@module": "numpy",
            "@class": "array",
            "dtype": "float64",
            "data": [
                [
                    [
                        1.741505590636975,
                        -2.064659539691779e-16,
                        -3.141069021534932e-16
                    ],
                    [
                        -2.064659539691779e-16,
                        1.741505590636975,
                        -4.962121998252151e-16
                    ],
                    [
                        -3.141069021534932e-16,
                        -4.962121998252151e-16,
                        1.741505590636975
                    ]
                ],
                [
                    [
                        1.741505590636975,
                        -3.4481692605988315e-16,
                        -1.648800320815226e-16
                    ],
                    [
                        -3.4481692605988315e-16,
                        1.741505590636975,
                        6.84402573523172e-18
                    ],
                    [
                        -1.648800320815226e-16,
                        6.84402573523172e-18,
                        1.741505590636975
                    ]
                ]
            ]
        },
        "stress": {
            "@module": "numpy",
            "@class": "array",
            "dtype": "float64",
            "data": [
                [
                    [
                        91.044832,
                        -1.0793912e-14,
                        -1.6421313999999998e-14
                    ],
                    [
                        -1.0793912e-14,
                        91.044832,
                        -2.5941665999999998e-14
                    ],
                    [
                        -1.6421313999999998e-14,
                        -2.5941665999999998e-14,
                        91.044832
                    ]
                ],
                [
                    [
                        91.044832,
                        -1.8026815000000002e-14,
                        -8.6198258e-15
                    ],
                    [
                        -1.8026815000000002e-14,
                        91.044832,
                        3.5780142e-16
                    ],
                    [
                        -8.6198258e-15,
                        3.5780142e-16,
                        91.044832
                    ]
                ]
            ]
        }
    }
}